710754
1790527
1509240
806064
792933
167580
1386548
2269588
2147414
948686
2214957
633941
729289
1778280
472639
1589278
1059668
899171
748648
1820892
1399541
2149585
1873892
968177
2031296
1855521
1748782
2152907
532551
2196931
823546
1456559
585930
1515848
2178563
734428
510808
830384
982662
955989
1994044
114987
1558564
915281
900388
1153791
309129
1187775
1418751
1231024
784526
2251500
1500937
331384
1772137
391935
274740
331361
769169
812841
1801010
940656
1243249
521760
699931
1862070
1302313
2239793
1463881
691059
915375
1566069
84996
891291
1059811
2133916
365018
702794
1250290
1400338
1197966
261158
2278187
422604
550027
769306
2310634
1329234
922648
85376
1817461
1180887
1588916
1270898
957263
1537206
2036492
564955
92343
68518
