710758
1790566
1509262
806068
792937
167580
1386565
2269684
2147482
948692
2215041
633943
729293
1778319
472639
1589305
1059676
899177
748652
1820933
1399558
2149653
1873937
968183
2031353
1855564
1748816
2152975
532551
2197013
823550
1456579
585930
1515870
2178635
734432
510808
830388
982670
955995
1994100
114987
1558590
915287
900394
1153804
309129
1187790
1418769
1231039
784530
2251596
1500959
331384
1772172
391935
274740
331361
769173
812845
1801049
940662
1243264
521760
699935
1862113
1302328
2239887
1463901
691063
915381
1566095
84996
891297
1059819
2133982
365018
702798
1250305
1400355
1197981
261158
2278286
422604
550027
769310
2310738
1329251
922654
85376
1817502
1180900
1588943
1270913
957269
1537232
2036549
564955
92343
68518
