5806 0.000540805
2410 0.000506500
12 0.000388971
2204 0.000361378
3649 0.000354911
4804 0.000335567
3903 0.000326225
1189 0.000303252
6537 0.000288941
1902 0.000287847
2138 0.000278496
2828 0.000277202
6058 0.000277024
3782 0.000270584
6591 0.000270281
6180 0.000266535
3064 0.000256060
698 0.000255599
4680 0.000252693
4365 0.000251351
6584 0.000246741
676 0.000245484
5968 0.000243684
4220 0.000240418
1111 0.000237875
4236 0.000237567
6905 0.000237352
3153 0.000229297
914 0.000228586
2442 0.000220564
257 0.000218913
2356 0.000213897
1427 0.000208881
3156 0.000206962
2520 0.000203666
2329 0.000202084
3957 0.000201891
25 0.000200337
4319 0.000200129
2823 0.000199574
3879 0.000198756
3049 0.000198727
7011 0.000198281
2439 0.000197573
4814 0.000196961
4663 0.000193060
2854 0.000192985
4865 0.000189434
4531 0.000189255
4643 0.000188856
4569 0.000188718
3245 0.000188488
2056 0.000187666
3533 0.000187015
3713 0.000185878
264 0.000185589
3532 0.000183204
4800 0.000182542
847 0.000182282
1505 0.000179730
945 0.000176429
4841 0.000176002
950 0.000175306
2620 0.000174748
6641 0.000174229
6033 0.000173896
3601 0.000173348
1510 0.000170034
4180 0.000169738
2436 0.000169152
4175 0.000168524
2707 0.000167497
2134 0.000166441
1621 0.000163995
3251 0.000163108
2964 0.000162292
3140 0.000161210
6724 0.000161098
281 0.000160523
3222 0.000158242
32 0.000157454
4073 0.000157101
1595 0.000156044
3680 0.000154713
4486 0.000153957
2283 0.000153650
2772 0.000153049
3290 0.000152339
203 0.000152046
4934 0.000151964
1086 0.000151797
2367 0.000150044
6765 0.000149659
4614 0.000149540
3589 0.000149535
6790 0.000149518
2780 0.000149486
4068 0.000148002
2632 0.000147252
3415 0.000146755
6429 0.000146332
5617 0.000145673
4455 0.000145229
6849 0.000145058
53 0.000144290
7111 0.000143897
5933 0.000143784
2874 0.000143705
1947 0.000143605
2301 0.000143519
7110 0.000143218
2073 0.000143059
2428 0.000142793
2751 0.000142166
4291 0.000141497
5302 0.000141289
548 0.000141199
6122 0.000140789
384 0.000140529
5133 0.000140494
4970 0.000140063
3840 0.000139041
3191 0.000138819
2383 0.000138215
81 0.000138142
5741 0.000137903
4919 0.000137780
4453 0.000137718
2919 0.000136458
3137 0.000135576
2636 0.000135422
2865 0.000135244
2030 0.000134930
2376 0.000134924
3629 0.000134828
2269 0.000134331
6782 0.000134052
5569 0.000133977
758 0.000133944
2313 0.000133919
1701 0.000133855
3511 0.000133813
4485 0.000133385
7112 0.000133055
5300 0.000132749
3040 0.000132635
1337 0.000131929
6603 0.000131717
4289 0.000131616
608 0.000131290
2770 0.000130766
4635 0.000130159
4057 0.000129892
6285 0.000129449
4217 0.000129039
4962 0.000128919
3102 0.000128348
5923 0.000128258
4470 0.000128084
3527 0.000127582
6084 0.000127052
2562 0.000126701
1826 0.000126525
5542 0.000126153
2438 0.000126057
1714 0.000125997
2985 0.000125190
6804 0.000125189
3151 0.000125108
2305 0.000124838
1299 0.000124541
3307 0.000124098
895 0.000123809
4197 0.000123712
6746 0.000123649
5139 0.000123536
3316 0.000123294
5740 0.000123200
4318 0.000123130
4901 0.000123126
2405 0.000122713
5169 0.000121923
5265 0.000121862
4656 0.000121689
3322 0.000121365
4831 0.000120990
3704 0.000120808
4836 0.000120635
1586 0.000120402
4511 0.000120248
3116 0.000120020
3449 0.000119956
3844 0.000119700
588 0.000119658
1460 0.000119425
6083 0.000119418
2007 0.000119404
2756 0.000118896
1944 0.000118869
1971 0.000118367
1802 0.000118081
1202 0.000118058
1587 0.000118008
2691 0.000117976
1272 0.000117867
1961 0.000117844
5563 0.000117780
1067 0.000117294
342 0.000116846
1261 0.000116796
967 0.000116786
1970 0.000116742
272 0.000116696
2443 0.000116216
1321 0.000116094
2990 0.000115819
899 0.000115532
1950 0.000115453
1746 0.000115378
3652 0.000114541
193 0.000114413
1836 0.000113952
1710 0.000113741
3722 0.000113528
864 0.000113281
7050 0.000113271
2273 0.000113010
5336 0.000112967
2216 0.000112644
1898 0.000112610
1393 0.000112568
394 0.000112472
2547 0.000112445
4124 0.000111879
4285 0.000111785
4169 0.000111519
52 0.000111508
3204 0.000111448
67 0.000111441
2445 0.000111378
6032 0.000111049
6559 0.000111029
854 0.000110291
3216 0.000110264
770 0.000110232
2382 0.000110126
1558 0.000109329
5147 0.000109184
4860 0.000109165
1093 0.000109037
2059 0.000108933
1532 0.000108459
3001 0.000108291
786 0.000108029
1769 0.000107850
7107 0.000107773
4730 0.000107347
4420 0.000107028
3027 0.000106786
4587 0.000106495
5969 0.000106364
2133 0.000106359
4274 0.000106334
3771 0.000106263
1247 0.000106260
3916 0.000106208
1066 0.000106116
1372 0.000105774
4705 0.000105545
1574 0.000105513
4036 0.000105286
880 0.000105215
3317 0.000105196
5792 0.000104936
2506 0.000104862
3958 0.000104464
861 0.000104375
2234 0.000104300
4001 0.000104275
3008 0.000104168
829 0.000103966
5488 0.000103857
2450 0.000103775
3959 0.000103712
1376 0.000103592
2776 0.000103548
5401 0.000103422
3937 0.000103110
3832 0.000103061
5402 0.000103060
2469 0.000102970
1056 0.000102906
2871 0.000102760
2068 0.000102749
2109 0.000102743
6682 0.000102721
822 0.000102705
1290 0.000102622
701 0.000102366
4921 0.000102254
1768 0.000102216
6586 0.000101659
2587 0.000101636
4516 0.000101447
4106 0.000101396
6763 0.000101326
1984 0.000101312
47 0.000100805
6294 0.000100767
5420 0.000100727
1100 0.000100707
415 0.000100590
3493 0.000100468
4288 0.000100354
4717 0.000100185
5672 0.000100151
5565 0.000100066
2860 0.000099906
4613 0.000099885
2314 0.000099876
6199 0.000099769
5559 0.000099721
1695 0.000099716
1834 0.000099565
1099 0.000099528
5191 0.000099376
1101 0.000099305
6047 0.000099164
5439 0.000099113
2738 0.000099105
724 0.000098963
1977 0.000098802
1517 0.000098802
3848 0.000098704
4496 0.000098675
6741 0.000098651
3150 0.000098634
3412 0.000098610
4639 0.000098492
3808 0.000098490
5155 0.000097970
1509 0.000097963
1065 0.000097886
217 0.000097806
2303 0.000097698
5831 0.000097505
1567 0.000097399
493 0.000097295
6162 0.000097267
2163 0.000096889
437 0.000096850
5711 0.000096788
3433 0.000096695
4090 0.000096136
5083 0.000096040
1602 0.000095968
6066 0.000095920
2476 0.000095871
4067 0.000095794
5192 0.000095769
341 0.000095755
6415 0.000095547
4715 0.000095452
791 0.000095440
1054 0.000095341
3801 0.000095295
3637 0.000095150
2101 0.000095111
1014 0.000095064
5209 0.000094784
5477 0.000094477
3304 0.000094388
6719 0.000094368
2546 0.000094237
5233 0.000094234
7021 0.000094187
1785 0.000093970
6227 0.000093863
3597 0.000093854
2657 0.000093835
215 0.000093813
654 0.000093804
658 0.000093769
5896 0.000093762
705 0.000093686
5051 0.000093585
7035 0.000093343
2928 0.000093053
5080 0.000092907
1694 0.000092760
5160 0.000092705
5213 0.000092619
497 0.000092599
4906 0.000092574
349 0.000092562
4170 0.000092201
6359 0.000092104
1158 0.000091989
5098 0.000091976
954 0.000091920
3170 0.000091897
2774 0.000091894
1996 0.000091481
4685 0.000091475
1377 0.000091464
1242 0.000091448
2773 0.000091326
1357 0.000091324
144 0.000091243
750 0.000091149
1022 0.000091084
2557 0.000090960
2581 0.000090955
2296 0.000090933
3819 0.000090925
2236 0.000090725
1651 0.000090666
3977 0.000090490
5254 0.000090483
2760 0.000090443
2979 0.000090345
3926 0.000090253
3872 0.000090194
1570 0.000090059
3465 0.000089998
5875 0.000089753
4706 0.000089685
5151 0.000089549
2711 0.000089514
4526 0.000089491
2553 0.000089268
3575 0.000089230
4113 0.000089147
2721 0.000089038
5772 0.000088733
4684 0.000088622
2031 0.000088526
4527 0.000088503
1592 0.000088435
3788 0.000088372
6152 0.000088322
1674 0.000088239
3446 0.000088238
3479 0.000088200
4835 0.000088032
3736 0.000087892
1811 0.000087809
2080 0.000087724
2042 0.000087718
5047 0.000087680
6820 0.000087549
3157 0.000087321
4162 0.000087214
5215 0.000087205
2613 0.000087170
1312 0.000087163
3258 0.000087108
2542 0.000087087
2617 0.000087065
3012 0.000086991
5037 0.000086947
1197 0.000086883
90 0.000086749
2090 0.000086664
2677 0.000086573
5500 0.000086531
1912 0.000086507
5204 0.000086232
2179 0.000086125
4847 0.000086072
4065 0.000086055
887 0.000085892
337 0.000085774
2150 0.000085766
527 0.000085705
5929 0.000085696
5028 0.000085668
5038 0.000085618
3351 0.000085586
5159 0.000085554
5065 0.000085493
6411 0.000085358
3865 0.000085350
1597 0.000085267
6408 0.000085266
3014 0.000085242
1821 0.000085221
6688 0.000085179
5686 0.000085060
6806 0.000084970
4467 0.000084864
1426 0.000084852
4489 0.000084743
1549 0.000084641
1417 0.000084577
4225 0.000084452
6605 0.000084327
1495 0.000084309
1162 0.000084279
5150 0.000084178
4457 0.000084085
3585 0.000084070
2188 0.000084055
6147 0.000084021
697 0.000083958
3149 0.000083889
1363 0.000083877
4702 0.000083860
3522 0.000083684
6049 0.000083666
5620 0.000083553
636 0.000083459
2069 0.000083441
2172 0.000083396
693 0.000083372
162 0.000083364
3175 0.000083320
2335 0.000083286
3112 0.000083281
3767 0.000083149
2183 0.000083140
2535 0.000083003
3466 0.000083000
6355 0.000082852
1150 0.000082822
1265 0.000082796
4035 0.000082754
1146 0.000082687
2841 0.000082623
2384 0.000082488
3 0.000082410
3388 0.000082351
3706 0.000082220
4227 0.000082199
3850 0.000082173
2015 0.000082101
4877 0.000082061
4337 0.000081994
1671 0.000081837
2215 0.000081786
1365 0.000081758
4303 0.000081696
4071 0.000081557
6808 0.000081531
230 0.000081403
6302 0.000081380
2704 0.000081166
1907 0.000081039
2256 0.000080950
700 0.000080876
2240 0.000080796
2490 0.000080674
1222 0.000080485
3122 0.000080477
1441 0.000080415
3081 0.000080407
5575 0.000080325
5937 0.000080197
4016 0.000080030
6484 0.000079941
7075 0.000079930
3264 0.000079921
3308 0.000079895
785 0.000079810
6113 0.000079742
5739 0.000079720
3385 0.000079707
3544 0.000079649
1705 0.000079635
1138 0.000079559
2480 0.000079495
2753 0.000079483
1665 0.000079399
7108 0.000079367
7109 0.000079350
2044 0.000079301
1467 0.000079297
5140 0.000079230
6977 0.000079176
1199 0.000079141
3284 0.000079136
6026 0.000078981
6612 0.000078886
3653 0.000078830
2983 0.000078817
3490 0.000078812
5775 0.000078766
4534 0.000078751
7077 0.000078737
3870 0.000078712
5919 0.000078672
2666 0.000078551
893 0.000078479
934 0.000078412
2431 0.000078409
5132 0.000078384
4437 0.000078308
3930 0.000078242
1326 0.000078105
3241 0.000078102
392 0.000078015
5079 0.000077916
4152 0.000077901
4555 0.000077848
4691 0.000077774
2451 0.000077771
971 0.000077757
937 0.000077736
1741 0.000077720
3703 0.000077688
1955 0.000077537
643 0.000077507
3681 0.000077386
6200 0.000077361
1349 0.000077249
4623 0.000077061
6332 0.000077037
6334 0.000076985
1612 0.000076925
1271 0.000076920
2676 0.000076816
684 0.000076799
4199 0.000076636
3871 0.000076629
3755 0.000076540
5144 0.000076527
3661 0.000076509
1639 0.000076484
992 0.000076479
3443 0.000076467
3790 0.000076395
237 0.000076352
1677 0.000076350
3884 0.000076339
5570 0.000076325
5597 0.000076303
4634 0.000076247
4624 0.000076246
2440 0.000076222
4567 0.000076182
5325 0.000076026
1481 0.000075952
572 0.000075930
6582 0.000075895
881 0.000075863
3408 0.000075820
821 0.000075812
4986 0.000075747
5653 0.000075653
6727 0.000075558
3537 0.000075551
246 0.000075544
1370 0.000075471
1550 0.000075456
1494 0.000075408
3063 0.000075407
6508 0.000075375
699 0.000075259
3059 0.000075196
4742 0.000074975
832 0.000074933
5874 0.000074885
1643 0.000074870
4550 0.000074794
2340 0.000074768
6870 0.000074670
2578 0.000074646
3988 0.000074633
2135 0.000074246
3906 0.000074243
1982 0.000074243
2307 0.000074239
5622 0.000074182
1519 0.000074138
304 0.000074088
1058 0.000074027
2755 0.000074012
4275 0.000074010
4452 0.000073953
1652 0.000073936
1962 0.000073892
5774 0.000073698
3039 0.000073630
2136 0.000073617
1657 0.000073558
6496 0.000073510
128 0.000073477
778 0.000073473
3459 0.000073414
1933 0.000073386
6002 0.000073305
5427 0.000073206
5158 0.000073205
5110 0.000073166
292 0.000073153
3453 0.000073130
5035 0.000073104
6106 0.000073064
6453 0.000073036
3391 0.000073023
1211 0.000072897
6914 0.000072838
5998 0.000072779
6335 0.000072763
5137 0.000072626
6774 0.000072625
1301 0.000072570
555 0.000072561
2458 0.000072541
4315 0.000072514
1091 0.000072457
610 0.000072451
4787 0.000072372
4284 0.000072347
5745 0.000072323
5335 0.000072299
5547 0.000072270
1663 0.000072269
7100 0.000072256
5431 0.000072153
6150 0.000072143
2097 0.000072133
5152 0.000072110
408 0.000072058
2521 0.000072022
4102 0.000071960
280 0.000071950
637 0.000071920
1571 0.000071856
2118 0.000071842
2566 0.000071802
2595 0.000071795
2766 0.000071770
4223 0.000071652
2151 0.000071642
5127 0.000071623
6017 0.000071574
3332 0.000071566
6460 0.000071550
2102 0.000071530
2206 0.000071483
3144 0.000071376
2659 0.000071343
606 0.000071275
6248 0.000071136
5115 0.000070988
5688 0.000070871
5624 0.000070750
5692 0.000070733
696 0.000070665
4084 0.000070653
4601 0.000070615
5986 0.000070487
1044 0.000070373
1028 0.000070345
1300 0.000070287
1214 0.000070110
2149 0.000070084
3805 0.000070070
1447 0.000070047
6192 0.000069894
3985 0.000069858
4311 0.000069832
4431 0.000069751
5754 0.000069605
672 0.000069571
102 0.000069526
2585 0.000069453
4665 0.000069435
4904 0.000069403
4812 0.000069260
2907 0.000069256
560 0.000069237
2803 0.000069198
1855 0.000069189
4863 0.000069172
1443 0.000069104
1061 0.000069080
3520 0.000069031
2190 0.000068999
7058 0.000068940
3558 0.000068926
4617 0.000068834
678 0.000068803
653 0.000068747
2638 0.000068744
5270 0.000068655
3864 0.000068636
6349 0.000068569
4271 0.000068530
3665 0.000068511
332 0.000068507
2050 0.000068474
2586 0.000068450
2571 0.000068400
2304 0.000068379
1064 0.000068373
7 0.000068354
4576 0.000068348
2775 0.000068335
941 0.000068262
5297 0.000068236
1575 0.000068117
2491 0.000068109
5539 0.000068106
1348 0.000068044
5564 0.000067938
2779 0.000067913
2074 0.000067896
1183 0.000067891
2831 0.000067883
1442 0.000067851
619 0.000067816
719 0.000067809
1178 0.000067784
1133 0.000067701
51 0.000067669
4543 0.000067662
1030 0.000067591
2351 0.000067564
5480 0.000067515
1400 0.000067450
4082 0.000067369
3232 0.000067314
5383 0.000067311
556 0.000067300
6600 0.000067213
1277 0.000067095
2468 0.000067075
932 0.000067069
7105 0.000067056
6863 0.000067009
4054 0.000066974
350 0.000066961
267 0.000066938
3845 0.000066914
962 0.000066880
5112 0.000066855
5637 0.000066840
7024 0.000066818
4653 0.000066789
3946 0.000066778
3973 0.000066744
2579 0.000066699
6037 0.000066699
6307 0.000066697
4837 0.000066642
1445 0.000066533
2668 0.000066416
3101 0.000066377
5798 0.000066370
2406 0.000066327
1800 0.000066322
2287 0.000066270
1525 0.000066223
5936 0.000066192
5243 0.000066171
5294 0.000066138
4435 0.000066108
5173 0.000066048
2729 0.000065973
6743 0.000065904
2532 0.000065897
5879 0.000065833
2137 0.000065802
5423 0.000065790
1032 0.000065783
2767 0.000065704
4590 0.000065674
1180 0.000065641
3090 0.000065636
293 0.000065630
508 0.000065589
6818 0.000065582
2177 0.000065566
1841 0.000065527
4780 0.000065485
4272 0.000065482
2743 0.000065375
295 0.000065347
4746 0.000065264
6868 0.000065257
787 0.000065241
1638 0.000065154
3336 0.000065149
4840 0.000065095
6452 0.000065083
833 0.000065078
2017 0.000064998
977 0.000064992
145 0.000064950
1810 0.000064892
1476 0.000064891
507 0.000064752
1330 0.000064611
5557 0.000064572
2447 0.000064521
5546 0.000064519
5175 0.000064509
5914 0.000064506
1719 0.000064464
2842 0.000064448
2918 0.000064428
4845 0.000064403
2878 0.000064352
2748 0.000064337
3174 0.000064324
3892 0.000064271
3265 0.000064233
5131 0.000064229
1617 0.000064174
3656 0.000064154
2895 0.000064144
6712 0.000064122
5990 0.000064118
5634 0.000064117
2852 0.000064083
2761 0.000064052
6405 0.000063948
2877 0.000063908
1808 0.000063869
3655 0.000063864
1059 0.000063839
2075 0.000063807
4050 0.000063783
2203 0.000063650
1707 0.000063646
4710 0.000063612
3687 0.000063417
4372 0.000063294
4546 0.000063292
649 0.000063176
4552 0.000063016
1179 0.000063004
910 0.000062992
476 0.000062988
5157 0.000062919
4374 0.000062910
4221 0.000062848
351 0.000062790
1174 0.000062719
1755 0.000062717
379 0.000062714
943 0.000062681
1678 0.000062587
2977 0.000062508
4248 0.000062495
2029 0.000062417
2598 0.000062411
1910 0.000062393
831 0.000062387
1636 0.000062385
1857 0.000062367
5256 0.000062267
1140 0.000062262
2337 0.000062252
70 0.000062246
2370 0.000062244
1368 0.000062237
6760 0.000062215
6215 0.000062104
2844 0.000062062
5296 0.000061982
600 0.000061956
2221 0.000061859
513 0.000061856
7104 0.000061765
5883 0.000061764
4820 0.000061737
1777 0.000061728
1207 0.000061711
1404 0.000061678
4939 0.000061644
2716 0.000061640
662 0.000061584
2472 0.000061579
558 0.000061559
2594 0.000061559
4176 0.000061504
3456 0.000061502
2559 0.000061501
4646 0.000061494
6902 0.000061351
6095 0.000061281
263 0.000061244
1378 0.000061238
3029 0.000061166
3509 0.000061106
920 0.000061094
147 0.000061086
3780 0.000061049
4846 0.000060991
3362 0.000060987
6187 0.000060949
2274 0.000060860
4411 0.000060832
580 0.000060797
5893 0.000060687
3155 0.000060682
3182 0.000060664
2725 0.000060590
286 0.000060556
535 0.000060540
3568 0.000060539
1147 0.000060508
5631 0.000060479
6540 0.000060457
5787 0.000060416
4611 0.000060408
2527 0.000060390
4784 0.000060380
5187 0.000060295
3460 0.000060233
680 0.000060223
1359 0.000060217
3631 0.000060177
799 0.000060143
2404 0.000060084
1264 0.000060066
6226 0.000060001
1117 0.000059997
2148 0.000059967
382 0.000059954
761 0.000059943
2453 0.000059943
2483 0.000059941
3551 0.000059918
5176 0.000059810
4953 0.000059809
5382 0.000059802
1135 0.000059755
5519 0.000059737
6780 0.000059732
328 0.000059712
4951 0.000059672
89 0.000059665
537 0.000059657
169 0.000059616
746 0.000059584
3028 0.000059580
3133 0.000059579
728 0.000059576
6154 0.000059567
3393 0.000059533
4998 0.000059524
3428 0.000059518
5069 0.000059513
6413 0.000059510
5009 0.000059446
1909 0.000059385
1250 0.000059384
6898 0.000059369
2064 0.000059361
6934 0.000059279
5638 0.000059278
661 0.000059270
2575 0.000059267
6081 0.000059247
7041 0.000059229
1889 0.000059148
6388 0.000059115
554 0.000059081
1425 0.000059081
2740 0.000059074
5113 0.000059061
6707 0.000059043
2927 0.000059034
3427 0.000059009
5230 0.000058994
1809 0.000058947
2004 0.000058916
3732 0.000058904
2343 0.000058860
1008 0.000058814
5145 0.000058796
3333 0.000058767
538 0.000058765
6203 0.000058735
814 0.000058732
4064 0.000058678
4883 0.000058661
3820 0.000058647
687 0.000058595
3131 0.000058510
823 0.000058492
2398 0.000058468
1090 0.000058455
1759 0.000058430
4959 0.000058430
5512 0.000058403
7114 0.000058367
5610 0.000058355
2582 0.000058353
314 0.000058349
4039 0.000058346
2191 0.000058239
1625 0.000058236
1328 0.000058223
679 0.000058207
4214 0.000058162
2745 0.000058154
2361 0.000058130
5503 0.000058114
2362 0.000057906
352 0.000057884
2881 0.000057851
6306 0.000057805
4290 0.000057792
1843 0.000057730
3461 0.000057709
4300 0.000057673
532 0.000057607
2165 0.000057590
6636 0.000057536
4488 0.000057518
2494 0.000057493
5000 0.000057465
1908 0.000057408
6851 0.000057408
6060 0.000057388
4807 0.000057374
6532 0.000057362
401 0.000057354
1142 0.000057343
1662 0.000057334
2540 0.000057308
6986 0.000057264
581 0.000057244
1121 0.000057239
2969 0.000057158
669 0.000057150
1281 0.000057130
1706 0.000057127
3807 0.000056988
906 0.000056984
26 0.000056982
5694 0.000056965
3498 0.000056857
2570 0.000056787
1449 0.000056787
3289 0.000056747
1814 0.000056740
5486 0.000056669
898 0.000056649
5497 0.000056625
2308 0.000056512
6420 0.000056474
1818 0.000056460
242 0.000056447
820 0.000056436
603 0.000056412
926 0.000056384
6656 0.000056362
3594 0.000056282
1483 0.000056236
2813 0.000056229
368 0.000056216
2479 0.000056190
4519 0.000056143
1243 0.000056141
1646 0.000056112
2470 0.000056080
2720 0.000056067
330 0.000056066
6618 0.000055984
1323 0.000055930
2593 0.000055878
2999 0.000055869
1692 0.000055837
4478 0.000055829
4596 0.000055813
869 0.000055779
290 0.000055766
2214 0.000055760
1309 0.000055674
2685 0.000055671
1656 0.000055614
4997 0.000055596
1937 0.000055592
268 0.000055577
1817 0.000055576
879 0.000055558
6560 0.000055556
5507 0.000055536
1648 0.000055499
4032 0.000055483
7015 0.000055447
801 0.000055439
1092 0.000055429
2378 0.000055426
1512 0.000055412
3908 0.000055382
299 0.000055378
1668 0.000055367
6168 0.000055360
3178 0.000055325
1355 0.000055291
3639 0.000055277
5125 0.000055223
2838 0.000055193
2695 0.000055174
3226 0.000055109
1641 0.000055076
4114 0.000055053
2903 0.000055034
3583 0.000055001
1188 0.000054953
6523 0.000054927
2381 0.000054923
6204 0.000054906
99 0.000054904
1433 0.000054829
6181 0.000054827
4161 0.000054826
0 0.000054795
2536 0.000054758
2408 0.000054729
5274 0.000054720
5093 0.000054688
4732 0.000054491
737 0.000054452
5380 0.000054446
1303 0.000054436
6020 0.000054435
1846 0.000054418
4006 0.000054415
6628 0.000054335
1148 0.000054307
1421 0.000054301
380 0.000054294
4263 0.000054283
3674 0.000054238
4066 0.000054204
6094 0.000054180
686 0.000054108
1085 0.000054037
5291 0.000054021
2714 0.000054018
4828 0.000054009
4822 0.000053985
5802 0.000053938
2139 0.000053894
6907 0.000053859
2070 0.000053858
767 0.000053805
3663 0.000053784
2371 0.000053756
6263 0.000053725
411 0.000053723
2861 0.000053719
4672 0.000053674
5236 0.000053660
1280 0.000053626
1455 0.000053602
58 0.000053577
574 0.000053576
2278 0.000053564
577 0.000053467
307 0.000053372
1470 0.000053357
4791 0.000053343
2391 0.000053329
591 0.000053323
573 0.000053308
852 0.000053303
769 0.000053248
5974 0.000053220
5861 0.000053217
6571 0.000053162
889 0.000053158
1466 0.000053152
2600 0.000053113
4384 0.000053109
3051 0.000053059
5322 0.000053038
951 0.000053038
1262 0.000053019
6942 0.000053017
6837 0.000052973
303 0.000052925
2192 0.000052902
3483 0.000052886
1645 0.000052854
5135 0.000052836
5932 0.000052760
5521 0.000052742
1713 0.000052742
2155 0.000052710
2883 0.000052673
5608 0.000052656
859 0.000052631
2801 0.000052609
6401 0.000052581
1533 0.000052575
1964 0.000052548
5770 0.000052501
248 0.000052488
1765 0.000052455
284 0.000052399
6437 0.000052355
3765 0.000052327
1381 0.000052313
4419 0.000052282
862 0.000052265
316 0.000052262
371 0.000052159
2764 0.000052130
7055 0.000052070
4985 0.000052035
4128 0.000052026
347 0.000051985
4279 0.000051962
2549 0.000051960
7068 0.000051888
6544 0.000051880
2159 0.000051849
1461 0.000051768
2673 0.000051751
468 0.000051751
1806 0.000051740
2590 0.000051691
4091 0.000051688
803 0.000051687
5716 0.000051624
2501 0.000051597
404 0.000051579
1529 0.000051526
870 0.000051512
2298 0.000051505
5690 0.000051485
6633 0.000051479
2403 0.000051431
615 0.000051386
4464 0.000051366
3152 0.000051354
2366 0.000051308
4886 0.000051189
1129 0.000051176
3596 0.000051167
5316 0.000051156
6647 0.000051101
5239 0.000051066
6815 0.000051041
3342 0.000050995
3489 0.000050954
1737 0.000050874
1304 0.000050730
1397 0.000050725
5374 0.000050579
551 0.000050561
976 0.000050544
953 0.000050519
6776 0.000050510
143 0.000050462
4458 0.000050444
239 0.000050429
4792 0.000050422
6616 0.000050371
2795 0.000050321
1302 0.000050195
20 0.000050186
892 0.000050160
36 0.000050123
5078 0.000050090
553 0.000050077
5495 0.000050062
5075 0.000050036
6821 0.000050026
2386 0.000049978
2142 0.000049965
46 0.000049945
1927 0.000049926
3554 0.000049881
137 0.000049867
1716 0.000049854
2722 0.000049830
739 0.000049803
6993 0.000049769
902 0.000049758
3975 0.000049748
3060 0.000049741
587 0.000049732
6906 0.000049716
1614 0.000049712
306 0.000049706
6981 0.000049703
5700 0.000049699
4423 0.000049645
2537 0.000049626
6140 0.000049620
1770 0.000049576
173 0.000049552
782 0.000049552
3238 0.000049509
1352 0.000049470
1946 0.000049466
3161 0.000049463
3855 0.000049450
1041 0.000049448
1434 0.000049430
2088 0.000049422
5277 0.000049418
1679 0.000049306
6499 0.000049283
3457 0.000049237
1471 0.000049170
1524 0.000049166
1403 0.000049133
5048 0.000049130
2700 0.000049087
1615 0.000049078
6879 0.000049075
760 0.000049048
3352 0.000049040
888 0.000048972
5719 0.000048892
1831 0.000048879
6642 0.000048865
5737 0.000048810
6725 0.000048751
1624 0.000048722
919 0.000048710
4979 0.000048671
1562 0.000048569
214 0.000048559
30 0.000048523
3464 0.000048473
1473 0.000048428
5 0.000048425
6601 0.000048415
4449 0.000048402
5894 0.000048390
4234 0.000048390
4735 0.000048352
740 0.000048350
1413 0.000048340
6417 0.000048315
467 0.000048305
3462 0.000048261
2106 0.000048258
1298 0.000048188
732 0.000048169
4868 0.000048056
6617 0.000048052
4085 0.000048025
5438 0.000047993
5771 0.000047992
5314 0.000047961
1619 0.000047948
2672 0.000047942
3195 0.000047938
3302 0.000047928
3318 0.000047910
5165 0.000047909
2000 0.000047819
625 0.000047817
903 0.000047748
607 0.000047721
407 0.000047706
2143 0.000047698
5983 0.000047627
4463 0.000047563
646 0.000047492
2679 0.000047459
5872 0.000047458
4111 0.000047446
125 0.000047435
5748 0.000047428
942 0.000047419
2681 0.000047406
2388 0.000047392
4888 0.000047387
3725 0.000047371
2504 0.000047325
4988 0.000047294
6277 0.000047290
1036 0.000047278
2379 0.000047258
1399 0.000047257
422 0.000047190
4305 0.000047170
987 0.000047131
6549 0.000047130
7048 0.000047121
258 0.000047108
884 0.000047100
4094 0.000047063
4135 0.000047037
988 0.000046935
1029 0.000046913
3021 0.000046853
3469 0.000046815
1712 0.000046812
1283 0.000046792
3038 0.000046784
2901 0.000046773
4191 0.000046770
1103 0.000046752
416 0.000046746
3620 0.000046742
33 0.000046729
5909 0.000046709
2423 0.000046673
1386 0.000046668
2437 0.000046650
31 0.000046630
2157 0.000046627
6637 0.000046612
2746 0.000046590
223 0.000046545
6419 0.000046542
948 0.000046530
5085 0.000046512
1289 0.000046499
1523 0.000046470
1683 0.000046457
806 0.000046400
398 0.000046361
5666 0.000046335
1491 0.000046273
876 0.000046261
3571 0.000046161
2500 0.000046121
3547 0.000046075
1949 0.000046064
3017 0.000046052
515 0.000045907
729 0.000045837
4110 0.000045826
3254 0.000045813
1269 0.000045800
5612 0.000045791
35 0.000045734
6701 0.000045715
5109 0.000045704
2606 0.000045627
5905 0.000045467
6064 0.000045455
245 0.000045454
1062 0.000045452
5749 0.000045419
2809 0.000045411
6447 0.000045406
2060 0.000045404
6890 0.000045403
5846 0.000045391
961 0.000045358
462 0.000045349
957 0.000045332
927 0.000045323
900 0.000045309
7061 0.000045290
6710 0.000045285
4366 0.000045271
16 0.000045226
5868 0.000045177
3773 0.000045137
7101 0.000045032
6379 0.000044984
1392 0.000044945
5738 0.000044926
7000 0.000044924
2524 0.000044903
6001 0.000044880
244 0.000044855
1294 0.000044841
409 0.000044834
2094 0.000044833
2568 0.000044806
4671 0.000044794
4513 0.000044780
6979 0.000044755
3917 0.000044726
4493 0.000044717
828 0.000044711
4462 0.000044710
3207 0.000044678
768 0.000044670
405 0.000044666
4021 0.000044665
3239 0.000044661
5947 0.000044614
3441 0.000044599
1601 0.000044598
796 0.000044563
6894 0.000044557
664 0.000044543
3250 0.000044532
216 0.000044525
5008 0.000044489
4129 0.000044478
3291 0.000044459
5273 0.000044439
1988 0.000044420
1823 0.000044393
2680 0.000044387
3948 0.000044325
3968 0.000044285
1055 0.000044262
860 0.000044229
4983 0.000044195
4034 0.000044194
6158 0.000044178
3085 0.000044157
617 0.000044129
3774 0.000044120
5912 0.000044098
205 0.000044087
181 0.000044085
1259 0.000044050
2390 0.000044048
75 0.000044027
713 0.000044011
1635 0.000044011
2727 0.000043959
1172 0.000043958
766 0.000043957
6177 0.000043934
623 0.000043897
989 0.000043871
1583 0.000043775
2737 0.000043758
2027 0.000043753
6606 0.000043742
3644 0.000043735
3947 0.000043657
4692 0.000043656
146 0.000043624
2393 0.000043617
1440 0.000043615
2962 0.000043611
4915 0.000043611
3599 0.000043576
3158 0.000043563
631 0.000043555
1929 0.000043555
470 0.000043549
5288 0.000043529
1486 0.000043528
1156 0.000043513
774 0.000043486
3043 0.000043472
27 0.000043462
685 0.000043449
5781 0.000043413
5804 0.000043404
1598 0.000043367
5161 0.000043366
3430 0.000043356
6311 0.000043355
6500 0.000043314
1828 0.000043304
282 0.000043277
383 0.000043264
5056 0.000043200
1720 0.000043189
3512 0.000043160
1276 0.000043159
1696 0.000043156
2230 0.000043138
3223 0.000043041
1213 0.000043019
6042 0.000043013
5435 0.000042951
1500 0.000042950
142 0.000042872
4826 0.000042859
753 0.000042844
1157 0.000042785
3921 0.000042771
3285 0.000042771
4164 0.000042762
6991 0.000042753
6897 0.000042735
1576 0.000042732
3569 0.000042696
1048 0.000042695
5746 0.000042685
4190 0.000042668
4500 0.000042653
5767 0.000042644
5012 0.000042608
5511 0.000042606
972 0.000042599
6169 0.000042593
5830 0.000042592
1520 0.000042587
1733 0.000042584
166 0.000042569
1896 0.000042501
915 0.000042497
534 0.000042468
1458 0.000042442
1753 0.000042420
4722 0.000042406
1428 0.000042401
1469 0.000042359
1990 0.000042358
212 0.000042354
1501 0.000042345
5795 0.000042340
4878 0.000042329
2920 0.000042323
6525 0.000042309
1543 0.000042278
5632 0.000042273
759 0.000042250
4583 0.000042241
5583 0.000042216
3694 0.000042170
6459 0.000042155
1373 0.000042135
6510 0.000042057
5460 0.000042053
6602 0.000042033
2513 0.000042026
3032 0.000042017
321 0.000042012
3899 0.000041901
4777 0.000041884
1096 0.000041854
540 0.000041850
1120 0.000041836
1011 0.000041828
743 0.000041811
449 0.000041809
233 0.000041783
3994 0.000041771
5957 0.000041722
486 0.000041700
1540 0.000041693
707 0.000041692
3473 0.000041683
6901 0.000041678
6396 0.000041647
5097 0.000041643
2048 0.000041643
838 0.000041606
1939 0.000041603
5119 0.000041590
3240 0.000041576
373 0.000041557
6292 0.000041554
4577 0.000041529
1655 0.000041518
5096 0.000041483
2003 0.000041477
3160 0.000041441
2152 0.000041356
4146 0.000041337
868 0.000041244
866 0.000041241
6057 0.000041235
5205 0.000041216
1848 0.000041215
3817 0.000041209
626 0.000041199
6230 0.000041195
5626 0.000041191
4681 0.000041182
4734 0.000041163
896 0.000041113
4661 0.000041112
208 0.000041098
6394 0.000041097
4712 0.000041080
6999 0.000041057
5368 0.000041048
4999 0.000041019
7016 0.000041017
174 0.000041007
5850 0.000040992
529 0.000040972
912 0.000040960
6229 0.000040941
1942 0.000040911
566 0.000040907
331 0.000040904
3143 0.000040838
6762 0.000040812
4151 0.000040803
4931 0.000040795
2670 0.000040784
2226 0.000040768
356 0.000040758
4641 0.000040742
809 0.000040738
5240 0.000040713
856 0.000040711
4415 0.000040707
916 0.000040657
2053 0.000040655
6539 0.000040624
29 0.000040619
871 0.000040597
4809 0.000040588
843 0.000040574
1410 0.000040547
4589 0.000040541
6514 0.000040533
301 0.000040527
1215 0.000040491
6607 0.000040479
5351 0.000040452
1371 0.000040449
2065 0.000040435
6978 0.000040413
1923 0.000040408
6635 0.000040386
5665 0.000040376
1956 0.000040351
4719 0.000040332
5862 0.000040303
2432 0.000040298
1905 0.000040274
2174 0.000040258
358 0.000040239
3118 0.000040190
2028 0.000040187
4723 0.000040120
512 0.000040102
5657 0.000040093
5718 0.000040091
789 0.000040081
601 0.000040077
5869 0.000040055
4439 0.000039996
61 0.000039987
3500 0.000039968
3668 0.000039959
1548 0.000039909
4802 0.000039908
877 0.000039898
3405 0.000039888
4501 0.000039861
6450 0.000039848
296 0.000039845
6346 0.000039806
4273 0.000039774
2091 0.000039773
3179 0.000039747
939 0.000039745
1557 0.000039726
1835 0.000039692
5167 0.000039662
6872 0.000039641
5001 0.000039609
563 0.000039550
569 0.000039536
4019 0.000039527
514 0.000039527
2380 0.000039462
6055 0.000039450
5304 0.000039366
645 0.000039364
4172 0.000039356
121 0.000039350
5717 0.000039337
133 0.000039327
6841 0.000039308
949 0.000039241
3716 0.000039235
219 0.000039216
3645 0.000039164
5643 0.000039163
4890 0.000039161
6921 0.000039120
1033 0.000039118
4270 0.000039110
4566 0.000039082
3764 0.000039068
7097 0.000039067
4322 0.000039067
288 0.000039062
6313 0.000039039
6874 0.000039034
2821 0.000039032
1325 0.000039032
6279 0.000039028
3343 0.000039024
444 0.000039010
4093 0.000039010
4995 0.000039009
1161 0.000038991
6668 0.000038991
6286 0.000038959
4690 0.000038938
5949 0.000038930
602 0.000038906
1435 0.000038885
6362 0.000038882
5142 0.000038853
3605 0.000038826
6014 0.000038799
6242 0.000038782
1045 0.000038764
6448 0.000038744
3960 0.000038733
616 0.000038699
6438 0.000038687
5275 0.000038680
1917 0.000038673
5184 0.000038621
3714 0.000038587
1829 0.000038585
369 0.000038552
6516 0.000038504
6562 0.000038484
1891 0.000038482
4141 0.000038472
160 0.000038452
792 0.000038448
1356 0.000038446
4584 0.000038420
3009 0.000038395
4367 0.000038388
644 0.000038362
3565 0.000038359
5320 0.000038344
6318 0.000038338
731 0.000038328
6592 0.000038308
5064 0.000038304
140 0.000038303
6369 0.000038289
6086 0.000038286
6949 0.000038281
1477 0.000038269
1177 0.000038263
1932 0.000038250
6048 0.000038241
7060 0.000038229
5060 0.000038219
755 0.000038211
5549 0.000038196
2454 0.000038187
5921 0.000038170
6087 0.000038158
366 0.000038126
6597 0.000038124
6747 0.000038123
6795 0.000038097
7113 0.000038091
4502 0.000038022
794 0.000038007
4754 0.000038006
6320 0.000038002
4992 0.000037989
5834 0.000037965
812 0.000037949
1827 0.000037933
5234 0.000037919
575 0.000037915
5518 0.000037914
7096 0.000037907
6939 0.000037889
5881 0.000037878
1119 0.000037869
5544 0.000037858
3545 0.000037854
1492 0.000037843
5729 0.000037842
6264 0.000037836
1600 0.000037754
259 0.000037745
1068 0.000037741
656 0.000037712
6882 0.000037690
975 0.000037680
1637 0.000037663
4682 0.000037639
6036 0.000037627
4142 0.000037614
6982 0.000037584
1218 0.000037571
6241 0.000037535
622 0.000037534
956 0.000037529
3231 0.000037483
155 0.000037465
6013 0.000037437
7098 0.000037430
6041 0.000037429
6449 0.000037406
2024 0.000037342
4935 0.000037311
1316 0.000037311
681 0.000037311
3630 0.000037302
6608 0.000037299
6622 0.000037296
5935 0.000037295
736 0.000037283
6052 0.000037281
1165 0.000037253
6561 0.000037252
2435 0.000037240
340 0.000037229
2888 0.000037221
3632 0.000037219
210 0.000037208
4766 0.000037204
84 0.000037196
3809 0.000037161
6660 0.000037161
2414 0.000037152
1360 0.000037147
3506 0.000037143
2052 0.000037138
477 0.000037130
1319 0.000037127
6895 0.000037122
3900 0.000037108
5386 0.000037087
7087 0.000037083
124 0.000037083
725 0.000037068
714 0.000037052
904 0.000037042
2819 0.000037035
5238 0.000037032
3162 0.000037015
5433 0.000036993
549 0.000036981
3553 0.000036962
5134 0.000036944
6621 0.000036938
5833 0.000036911
1485 0.000036903
6344 0.000036862
858 0.000036803
3233 0.000036797
4561 0.000036770
6343 0.000036765
2184 0.000036739
7022 0.000036717
2170 0.000036707
6322 0.000036703
570 0.000036685
5432 0.000036674
4720 0.000036671
611 0.000036671
1508 0.000036634
3117 0.000036627
1951 0.000036594
5849 0.000036584
5953 0.000036575
3269 0.000036543
4711 0.000036540
6314 0.000036534
6426 0.000036484
3800 0.000036482
3967 0.000036476
5381 0.000036465
4767 0.000036453
5021 0.000036437
4848 0.000036418
5526 0.000036401
3659 0.000036381
1559 0.000036375
6038 0.000036363
2345 0.000036355
5392 0.000036348
1367 0.000036336
2667 0.000036324
3627 0.000036300
4940 0.000036290
2847 0.000036289
5621 0.000036276
1416 0.000036233
756 0.000036231
5926 0.000036225
5747 0.000036207
6494 0.000036206
6648 0.000036175
3528 0.000036167
367 0.000036160
5114 0.000036151
5558 0.000036144
3546 0.000036118
6366 0.000036113
3838 0.000036107
3880 0.000036102
613 0.000036101
865 0.000036083
523 0.000036070
5855 0.000036065
6412 0.000036000
594 0.000035971
323 0.000035942
6506 0.000035937
3495 0.000035936
6124 0.000035919
3130 0.000035849
6493 0.000035844
727 0.000035834
3298 0.000035833
320 0.000035830
640 0.000035829
2061 0.000035826
5370 0.000035801
1366 0.000035798
810 0.000035796
1411 0.000035786
4666 0.000035781
1139 0.000035765
2991 0.000035761
853 0.000035750
6913 0.000035730
2932 0.000035729
3600 0.000035726
2605 0.000035713
5882 0.000035707
627 0.000035700
2584 0.000035664
2996 0.000035643
6556 0.000035640
4432 0.000035637
5681 0.000035626
2282 0.000035619
5081 0.000035611
283 0.000035611
6505 0.000035590
6074 0.000035569
7102 0.000035552
2705 0.000035549
5387 0.000035511
2981 0.000035507
7099 0.000035496
4166 0.000035484
3598 0.000035483
7045 0.000035463
4955 0.000035437
5333 0.000035434
5339 0.000035428
1986 0.000035394
4306 0.000035383
1181 0.000035378
4862 0.000035375
1389 0.000035372
6526 0.000035348
5768 0.000035339
5391 0.000035330
1585 0.000035330
6357 0.000035313
4024 0.000035311
5390 0.000035295
3924 0.000035271
2769 0.000035268
4313 0.000035241
6929 0.000035237
6398 0.000035233
5829 0.000035226
2456 0.000035197
5373 0.000035186
4679 0.000035156
4157 0.000035155
5168 0.000035131
5918 0.000035129
357 0.000035110
4891 0.000035102
4758 0.000035092
6194 0.000035087
4851 0.000035058
682 0.000035018
5658 0.000035012
6731 0.000034995
2980 0.000034992
4528 0.000034979
403 0.000034962
1003 0.000034959
5305 0.000034955
564 0.000034921
1387 0.000034915
5259 0.000034911
5117 0.000034910
3382 0.000034866
4941 0.000034855
1025 0.000034844
4755 0.000034829
5950 0.000034829
5491 0.000034820
4375 0.000034805
6809 0.000034805
3851 0.000034801
159 0.000034787
4277 0.000034656
3847 0.000034649
4421 0.000034644
2229 0.000034640
5258 0.000034634
6363 0.000034632
6351 0.000034630
5020 0.000034612
7106 0.000034589
7031 0.000034587
4578 0.000034586
4301 0.000034581
3821 0.000034560
1412 0.000034534
5057 0.000034520
339 0.000034519
4718 0.000034510
5407 0.000034496
88 0.000034493
6620 0.000034484
1801 0.000034475
5811 0.000034411
4425 0.000034404
4356 0.000034404
4816 0.000034370
3578 0.000034351
3401 0.000034343
6663 0.000034304
4771 0.000034281
7059 0.000034270
3873 0.000034245
1797 0.000034233
6805 0.000034186
4765 0.000034184
6715 0.000034176
5421 0.000034169
589 0.000034156
5880 0.000034153
1528 0.000034147
5094 0.000034140
5200 0.000034108
4688 0.000034089
4195 0.000034089
2185 0.000034087
5589 0.000034062
4107 0.000034056
3523 0.000034052
6062 0.000034023
2963 0.000034021
6159 0.000034012
5548 0.000033997
5572 0.000033982
3677 0.000033977
4716 0.000033976
4823 0.000033969
4083 0.000033959
5346 0.000033946
5906 0.000033932
6664 0.000033932
5126 0.000033923
6098 0.000033910
6984 0.000033898
5769 0.000033897
4721 0.000033875
3779 0.000033866
3075 0.000033842
3516 0.000033819
397 0.000033811
2873 0.000033776
5485 0.000033751
1915 0.000033747
6869 0.000033720
5508 0.000033698
4788 0.000033698
5022 0.000033697
5199 0.000033684
5162 0.000033684
6142 0.000033684
6365 0.000033663
6689 0.000033663
5029 0.000033590
3450 0.000033589
5528 0.000033588
7066 0.000033586
6634 0.000033539
4850 0.000033513
2063 0.000033511
565 0.000033463
634 0.000033454
5388 0.000033448
5988 0.000033391
3542 0.000033388
5484 0.000033381
3341 0.000033376
6063 0.000033362
1456 0.000033349
2227 0.000033347
6091 0.000033344
2782 0.000033324
4461 0.000033313
6781 0.000033301
6593 0.000033301
4588 0.000033297
5927 0.000033297
3480 0.000033249
4033 0.000033249
7092 0.000033244
2430 0.000033243
3476 0.000033240
5347 0.000033212
6161 0.000033189
4852 0.000033179
2569 0.000033168
5573 0.000033146
5844 0.000033146
5527 0.000033140
4910 0.000033140
6892 0.000033131
4830 0.000033125
5667 0.000033125
2463 0.000033115
5965 0.000032982
4368 0.000032982
6330 0.000032979
6073 0.000032952
1960 0.000032926
1131 0.000032913
1815 0.000032869
2843 0.000032869
5785 0.000032859
