6634 0.000540805
2625 0.000506500
15 0.000388971
2398 0.000361378
4037 0.000354911
5412 0.000335567
4335 0.000326225
1297 0.000303252
7553 0.000288941
2066 0.000287847
2328 0.000278496
3089 0.000277202
6946 0.000277024
4191 0.000270584
7632 0.000270281
7092 0.000266535
3352 0.000256060
762 0.000255599
5254 0.000252693
4875 0.000251351
7620 0.000246741
737 0.000245484
6832 0.000243684
4712 0.000240418
1211 0.000237875
4735 0.000237567
8042 0.000237352
3456 0.000229297
993 0.000228586
2657 0.000220564
271 0.000218913
2565 0.000213897
1549 0.000208881
3459 0.000206962
2746 0.000203666
2535 0.000202084
4400 0.000201891
28 0.000200337
4828 0.000200129
3084 0.000199574
4310 0.000198756
3334 0.000198727
8163 0.000198281
2654 0.000197573
5423 0.000196961
5233 0.000193060
3117 0.000192985
5484 0.000189434
5079 0.000189255
5210 0.000188856
5123 0.000188718
3562 0.000188488
2237 0.000187666
3898 0.000187015
4110 0.000185878
282 0.000185589
3897 0.000183204
5404 0.000182542
922 0.000182282
1633 0.000179730
1026 0.000176429
5459 0.000176002
1031 0.000175306
2859 0.000174748
7699 0.000174229
6914 0.000173896
3976 0.000173348
1638 0.000170034
4666 0.000169738
2651 0.000169152
4661 0.000168524
2958 0.000167497
2323 0.000166441
1754 0.000163995
3568 0.000163108
3238 0.000162292
3443 0.000161210
7809 0.000161098
299 0.000160523
3537 0.000158242
35 0.000157454
4536 0.000157101
1726 0.000156044
4071 0.000154713
5022 0.000153957
2485 0.000153650
3026 0.000153049
3615 0.000152339
214 0.000152046
5563 0.000151964
1186 0.000151797
2576 0.000150044
7862 0.000149659
5179 0.000149540
3962 0.000149535
7890 0.000149518
3034 0.000149486
4531 0.000148002
2871 0.000147252
3755 0.000146755
7414 0.000146332
6414 0.000145673
4983 0.000145229
7961 0.000145058
56 0.000144290
8294 0.000143897
6784 0.000143784
3140 0.000143705
2117 0.000143605
2504 0.000143519
8293 0.000143218
2256 0.000143059
2643 0.000142793
3005 0.000142166
4798 0.000141497
6006 0.000141289
600 0.000141199
7021 0.000140789
407 0.000140529
5800 0.000140494
5605 0.000140063
4256 0.000139041
3498 0.000138819
2594 0.000138215
86 0.000138142
6560 0.000137903
5543 0.000137780
4981 0.000137718
3192 0.000136458
3439 0.000135576
2877 0.000135422
3130 0.000135244
2210 0.000134930
2585 0.000134924
4011 0.000134828
2470 0.000134331
7882 0.000134052
6334 0.000133977
825 0.000133944
2516 0.000133919
1842 0.000133855
3873 0.000133813
5020 0.000133385
8295 0.000133055
6004 0.000132749
3321 0.000132635
1453 0.000131929
7649 0.000131717
4796 0.000131616
665 0.000131290
3024 0.000130766
5200 0.000130159
4510 0.000129892
7214 0.000129449
4709 0.000129039
5596 0.000128919
3394 0.000128348
6774 0.000128258
5002 0.000128084
3892 0.000127582
6980 0.000127052
2790 0.000126701
1982 0.000126525
6299 0.000126153
2653 0.000126057
1859 0.000125997
3260 0.000125190
7908 0.000125189
3454 0.000125108
2508 0.000124838
1412 0.000124541
3634 0.000124098
974 0.000123809
4687 0.000123712
7839 0.000123649
5806 0.000123536
3643 0.000123294
6555 0.000123200
4827 0.000123130
5524 0.000123126
2619 0.000122713
5839 0.000121923
5963 0.000121862
5226 0.000121689
3650 0.000121365
5445 0.000120990
4099 0.000120808
5452 0.000120635
1717 0.000120402
5055 0.000120248
3408 0.000120020
3796 0.000119956
4261 0.000119700
644 0.000119658
1585 0.000119425
6979 0.000119418
2185 0.000119404
3010 0.000118896
2114 0.000118869
2145 0.000118367
1956 0.000118081
1310 0.000118058
1718 0.000118008
2940 0.000117976
1385 0.000117867
2134 0.000117844
6327 0.000117780
1167 0.000117294
363 0.000116846
1374 0.000116796
1049 0.000116786
2144 0.000116742
290 0.000116696
2658 0.000116216
1437 0.000116094
3265 0.000115819
978 0.000115532
2120 0.000115453
1893 0.000115378
4040 0.000114541
204 0.000114413
1992 0.000113952
1855 0.000113741
4124 0.000113528
941 0.000113281
8212 0.000113271
2474 0.000113010
6044 0.000112967
2411 0.000112644
2062 0.000112610
1514 0.000112568
417 0.000112472
2775 0.000112445
4600 0.000111879
4792 0.000111785
4653 0.000111519
55 0.000111508
3516 0.000111448
72 0.000111441
2660 0.000111378
6913 0.000111049
7587 0.000111029
930 0.000110291
3529 0.000110264
840 0.000110232
2593 0.000110126
1688 0.000109329
5814 0.000109184
5479 0.000109165
1193 0.000109037
2240 0.000108933
1661 0.000108459
3276 0.000108291
857 0.000108029
1919 0.000107850
8290 0.000107773
5321 0.000107347
4940 0.000107028
3307 0.000106786
5144 0.000106495
6833 0.000106364
2322 0.000106359
4780 0.000106334
4179 0.000106263
1357 0.000106260
4349 0.000106208
1166 0.000106116
1492 0.000105774
5288 0.000105545
1705 0.000105513
4485 0.000105286
959 0.000105215
3645 0.000105196
6618 0.000104936
2727 0.000104862
4401 0.000104464
937 0.000104375
2433 0.000104300
4448 0.000104275
3284 0.000104168
904 0.000103966
6229 0.000103857
2665 0.000103775
4402 0.000103712
1496 0.000103592
3030 0.000103548
6123 0.000103422
4373 0.000103110
4247 0.000103061
6124 0.000103060
2686 0.000102970
1154 0.000102906
3136 0.000102760
2251 0.000102749
2297 0.000102743
7757 0.000102721
896 0.000102705
1403 0.000102622
765 0.000102366
5545 0.000102254
1918 0.000102216
7624 0.000101659
2822 0.000101636
5061 0.000101447
4578 0.000101396
7860 0.000101326
2160 0.000101312
50 0.000100805
7225 0.000100767
6148 0.000100727
1200 0.000100707
439 0.000100590
3847 0.000100468
4795 0.000100354
5305 0.000100185
6481 0.000100151
6330 0.000100066
3125 0.000099906
5178 0.000099885
2517 0.000099876
7115 0.000099769
6323 0.000099721
1836 0.000099716
1990 0.000099565
1199 0.000099528
5871 0.000099376
1201 0.000099305
6930 0.000099164
6174 0.000099113
2991 0.000099105
789 0.000098963
2151 0.000098802
1646 0.000098802
4266 0.000098704
5037 0.000098675
7833 0.000098651
3453 0.000098634
3752 0.000098610
5204 0.000098492
4219 0.000098490
5822 0.000097970
1637 0.000097963
1165 0.000097886
230 0.000097806
2506 0.000097698
6665 0.000097505
1697 0.000097399
545 0.000097295
7063 0.000097267
2354 0.000096889
465 0.000096850
6523 0.000096788
3776 0.000096695
4557 0.000096136
5743 0.000096040
1734 0.000095968
6955 0.000095920
2693 0.000095871
4530 0.000095794
5872 0.000095769
362 0.000095755
7391 0.000095547
5301 0.000095452
863 0.000095440
1151 0.000095341
4212 0.000095295
4021 0.000095150
2289 0.000095111
1103 0.000095064
5891 0.000094784
6218 0.000094477
3631 0.000094388
7803 0.000094368
2774 0.000094237
5925 0.000094234
8174 0.000094187
1935 0.000093970
7144 0.000093863
3970 0.000093854
2900 0.000093835
227 0.000093813
715 0.000093804
719 0.000093769
6739 0.000093762
769 0.000093686
5697 0.000093585
8192 0.000093343
3201 0.000093053
5739 0.000092907
1835 0.000092760
5829 0.000092705
5897 0.000092619
549 0.000092599
5529 0.000092574
370 0.000092562
4654 0.000092201
7306 0.000092104
1261 0.000091989
5760 0.000091976
1035 0.000091920
3473 0.000091897
3028 0.000091894
2174 0.000091481
5263 0.000091475
1497 0.000091464
1352 0.000091448
3027 0.000091326
1473 0.000091324
152 0.000091243
817 0.000091149
1111 0.000091084
2785 0.000090960
2814 0.000090955
2499 0.000090933
4233 0.000090925
2435 0.000090725
1787 0.000090666
4424 0.000090490
5947 0.000090483
3014 0.000090443
3253 0.000090345
4361 0.000090253
4299 0.000090194
1700 0.000090059
3812 0.000089998
6715 0.000089753
5289 0.000089685
5818 0.000089549
2963 0.000089514
5072 0.000089491
2781 0.000089268
3946 0.000089230
4587 0.000089147
2973 0.000089038
6596 0.000088733
5262 0.000088622
2211 0.000088526
5073 0.000088503
1723 0.000088435
4199 0.000088372
7052 0.000088322
1811 0.000088239
3792 0.000088238
3830 0.000088200
5449 0.000088032
4138 0.000087892
1966 0.000087809
2264 0.000087724
2223 0.000087718
5693 0.000087680
7927 0.000087549
3460 0.000087321
4646 0.000087214
5902 0.000087205
2851 0.000087170
1428 0.000087163
3580 0.000087108
2770 0.000087087
2856 0.000087065
3291 0.000086991
5683 0.000086947
1305 0.000086883
95 0.000086749
2276 0.000086664
2923 0.000086573
6246 0.000086531
2079 0.000086507
5886 0.000086232
2371 0.000086125
5466 0.000086072
4528 0.000086055
966 0.000085892
356 0.000085774
2340 0.000085766
579 0.000085705
6780 0.000085696
5671 0.000085668
5684 0.000085618
3680 0.000085586
5828 0.000085554
5714 0.000085493
7386 0.000085358
4290 0.000085350
1729 0.000085267
7381 0.000085266
3293 0.000085242
1977 0.000085221
7763 0.000085179
6496 0.000085060
7910 0.000084970
4999 0.000084864
1548 0.000084852
5028 0.000084743
1679 0.000084641
1538 0.000084577
4717 0.000084452
7651 0.000084327
1622 0.000084309
1267 0.000084279
5817 0.000084178
4986 0.000084085
3958 0.000084070
2381 0.000084055
7047 0.000084021
761 0.000083958
3452 0.000083889
1482 0.000083877
5285 0.000083860
3887 0.000083684
6934 0.000083666
6417 0.000083553
696 0.000083459
2252 0.000083441
2364 0.000083396
756 0.000083372
171 0.000083364
3480 0.000083320
2542 0.000083286
3404 0.000083281
4175 0.000083149
2375 0.000083140
2763 0.000083003
3813 0.000083000
7301 0.000082852
1253 0.000082822
1378 0.000082796
4483 0.000082754
1247 0.000082687
3103 0.000082623
2595 0.000082488
6 0.000082410
3720 0.000082351
4103 0.000082220
4719 0.000082199
4269 0.000082173
2193 0.000082101
5499 0.000082061
4846 0.000081994
1808 0.000081837
2410 0.000081786
1484 0.000081758
4811 0.000081696
4534 0.000081557
7912 0.000081531
243 0.000081403
7233 0.000081380
2955 0.000081166
2071 0.000081039
2456 0.000080950
764 0.000080876
2440 0.000080796
2707 0.000080674
1330 0.000080485
3417 0.000080477
1564 0.000080415
3371 0.000080407
6347 0.000080325
6790 0.000080197
4463 0.000080030
7478 0.000079941
8246 0.000079930
3586 0.000079921
3635 0.000079895
856 0.000079810
7012 0.000079742
6554 0.000079720
3717 0.000079707
3910 0.000079649
1847 0.000079635
1239 0.000079559
2697 0.000079495
3007 0.000079483
1802 0.000079399
8291 0.000079367
8292 0.000079350
2225 0.000079301
1593 0.000079297
5807 0.000079230
8121 0.000079176
1307 0.000079141
3607 0.000079136
6907 0.000078981
7662 0.000078886
4041 0.000078830
3258 0.000078817
3843 0.000078812
6600 0.000078766
5083 0.000078751
8249 0.000078737
4297 0.000078712
6770 0.000078672
2909 0.000078551
972 0.000078479
1014 0.000078412
2646 0.000078409
5799 0.000078384
4964 0.000078308
4365 0.000078242
1442 0.000078105
3557 0.000078102
415 0.000078015
5738 0.000077916
4632 0.000077901
5106 0.000077848
5273 0.000077774
2667 0.000077771
1053 0.000077757
1018 0.000077736
1888 0.000077720
4098 0.000077688
2128 0.000077537
704 0.000077507
4072 0.000077386
7116 0.000077361
1465 0.000077249
5188 0.000077061
7277 0.000077037
7279 0.000076985
1744 0.000076925
1384 0.000076920
2922 0.000076816
746 0.000076799
4689 0.000076636
4298 0.000076629
4162 0.000076540
5811 0.000076527
4049 0.000076509
1772 0.000076484
1080 0.000076479
3787 0.000076467
4201 0.000076395
250 0.000076352
1814 0.000076350
4315 0.000076339
6337 0.000076325
6388 0.000076303
5199 0.000076247
5189 0.000076246
2655 0.000076222
5121 0.000076182
6032 0.000076026
1608 0.000075952
626 0.000075930
7618 0.000075895
960 0.000075863
3748 0.000075820
895 0.000075812
5624 0.000075747
6458 0.000075653
7813 0.000075558
3903 0.000075551
259 0.000075544
1489 0.000075471
1680 0.000075456
1621 0.000075408
3351 0.000075407
7510 0.000075375
763 0.000075259
3346 0.000075196
5335 0.000074975
907 0.000074933
6714 0.000074885
1777 0.000074870
5100 0.000074794
2547 0.000074768
7992 0.000074670
2809 0.000074646
4435 0.000074633
2324 0.000074246
4338 0.000074243
2157 0.000074243
2510 0.000074239
6422 0.000074182
1648 0.000074138
322 0.000074088
1156 0.000074027
3009 0.000074012
4781 0.000074010
4980 0.000073953
1788 0.000073936
2135 0.000073892
6599 0.000073698
3320 0.000073630
2325 0.000073617
1793 0.000073558
7493 0.000073510
135 0.000073477
849 0.000073473
3806 0.000073414
2102 0.000073386
6875 0.000073305
6156 0.000073206
5827 0.000073205
5773 0.000073166
310 0.000073153
3800 0.000073130
5680 0.000073104
7005 0.000073064
7443 0.000073036
3724 0.000073023
1319 0.000072897
8051 0.000072838
6869 0.000072779
7280 0.000072763
5804 0.000072626
7871 0.000072625
1416 0.000072570
608 0.000072561
2674 0.000072541
4824 0.000072514
1191 0.000072457
667 0.000072451
5387 0.000072372
4791 0.000072347
6566 0.000072323
6043 0.000072299
6306 0.000072270
1799 0.000072269
8283 0.000072256
6161 0.000072153
7050 0.000072143
2285 0.000072133
5819 0.000072110
432 0.000072058
2747 0.000072022
4574 0.000071960
298 0.000071950
697 0.000071920
1701 0.000071856
2307 0.000071842
2794 0.000071802
2831 0.000071795
3020 0.000071770
4715 0.000071652
2341 0.000071642
5793 0.000071623
6897 0.000071574
3660 0.000071566
7450 0.000071550
2290 0.000071530
2400 0.000071483
3447 0.000071376
2902 0.000071343
663 0.000071275
7168 0.000071136
5780 0.000070988
6498 0.000070871
6424 0.000070750
6503 0.000070733
760 0.000070665
4551 0.000070653
5162 0.000070615
6855 0.000070487
1140 0.000070373
1123 0.000070345
1413 0.000070287
1322 0.000070110
2339 0.000070084
4216 0.000070070
1571 0.000070047
7108 0.000069894
4432 0.000069858
4820 0.000069832
4953 0.000069751
6576 0.000069605
733 0.000069571
108 0.000069526
2819 0.000069453
5239 0.000069435
5527 0.000069403
5421 0.000069260
3180 0.000069256
613 0.000069237
3059 0.000069198
2014 0.000069189
5482 0.000069172
1566 0.000069104
1159 0.000069080
3885 0.000069031
2384 0.000068999
8224 0.000068940
3926 0.000068926
5182 0.000068834
739 0.000068803
714 0.000068747
2880 0.000068744
5969 0.000068655
4289 0.000068636
7295 0.000068569
4777 0.000068530
4055 0.000068511
350 0.000068507
2231 0.000068474
2821 0.000068450
2801 0.000068400
2507 0.000068379
1164 0.000068373
10 0.000068354
5130 0.000068348
3029 0.000068335
1022 0.000068262
6001 0.000068236
1706 0.000068117
2708 0.000068109
6296 0.000068106
1464 0.000068044
6328 0.000067938
3033 0.000067913
2257 0.000067896
1291 0.000067891
3092 0.000067883
1565 0.000067851
677 0.000067816
784 0.000067809
1284 0.000067784
1234 0.000067701
54 0.000067669
5092 0.000067662
1125 0.000067591
2560 0.000067564
6221 0.000067515
1521 0.000067450
4547 0.000067369
3548 0.000067314
6098 0.000067311
609 0.000067300
7646 0.000067213
1390 0.000067095
2685 0.000067075
1012 0.000067069
8288 0.000067056
7979 0.000067009
4507 0.000066974
371 0.000066961
285 0.000066938
4263 0.000066914
1044 0.000066880
5775 0.000066855
6441 0.000066840
8178 0.000066818
5222 0.000066789
4384 0.000066778
4417 0.000066744
2811 0.000066699
6918 0.000066699
7238 0.000066697
5454 0.000066642
1569 0.000066533
2912 0.000066416
3393 0.000066377
6624 0.000066370
2620 0.000066327
1953 0.000066322
2490 0.000066270
1654 0.000066223
6789 0.000066192
5936 0.000066171
5998 0.000066138
4962 0.000066108
5844 0.000066048
2981 0.000065973
7835 0.000065904
2760 0.000065897
6720 0.000065833
2326 0.000065802
6151 0.000065790
1127 0.000065783
3021 0.000065704
5148 0.000065674
1286 0.000065641
3381 0.000065636
311 0.000065630
560 0.000065589
7924 0.000065582
2369 0.000065566
1997 0.000065527
5378 0.000065485
4778 0.000065482
2996 0.000065375
313 0.000065347
5341 0.000065264
7986 0.000065257
859 0.000065241
1771 0.000065154
3664 0.000065149
5457 0.000065095
7442 0.000065083
908 0.000065078
2195 0.000064998
1062 0.000064992
153 0.000064950
1965 0.000064892
1603 0.000064891
559 0.000064752
1446 0.000064611
6320 0.000064572
2662 0.000064521
6305 0.000064519
5848 0.000064509
6765 0.000064506
1864 0.000064464
3104 0.000064448
3191 0.000064428
5463 0.000064403
3145 0.000064352
3002 0.000064337
3479 0.000064324
4323 0.000064271
3587 0.000064233
5798 0.000064229
1749 0.000064174
4044 0.000064154
3164 0.000064144
7795 0.000064122
6860 0.000064118
6437 0.000064117
3114 0.000064083
3015 0.000064052
7378 0.000063948
3144 0.000063908
1963 0.000063869
4043 0.000063864
1157 0.000063839
2258 0.000063807
4500 0.000063783
2397 0.000063650
1849 0.000063646
5295 0.000063612
4078 0.000063417
4884 0.000063294
5096 0.000063292
710 0.000063176
5103 0.000063016
1285 0.000063004
989 0.000062992
524 0.000062988
5824 0.000062919
4886 0.000062910
4713 0.000062848
372 0.000062790
1279 0.000062719
1903 0.000062717
402 0.000062714
1024 0.000062681
1816 0.000062587
3251 0.000062508
4748 0.000062495
2209 0.000062417
2834 0.000062411
2076 0.000062393
906 0.000062387
1769 0.000062385
2016 0.000062367
5950 0.000062267
1241 0.000062262
2544 0.000062252
75 0.000062246
2579 0.000062244
1487 0.000062237
7855 0.000062215
7131 0.000062104
3106 0.000062062
6000 0.000061982
656 0.000061956
2416 0.000061859
565 0.000061856
8287 0.000061765
6725 0.000061764
5430 0.000061737
1927 0.000061728
1315 0.000061711
1525 0.000061678
5568 0.000061644
2968 0.000061640
723 0.000061584
2689 0.000061579
611 0.000061559
2830 0.000061559
4662 0.000061504
3803 0.000061502
2787 0.000061501
5215 0.000061494
8038 0.000061351
6994 0.000061281
280 0.000061244
1498 0.000061238
3310 0.000061166
3871 0.000061106
1000 0.000061094
155 0.000061086
4189 0.000061049
5465 0.000060991
3691 0.000060987
7101 0.000060949
2475 0.000060860
4929 0.000060832
636 0.000060797
6736 0.000060687
3458 0.000060682
3489 0.000060664
2977 0.000060590
304 0.000060556
587 0.000060540
3937 0.000060539
1248 0.000060508
6432 0.000060479
7561 0.000060457
6613 0.000060416
5176 0.000060408
2754 0.000060390
5384 0.000060380
5863 0.000060295
3807 0.000060233
742 0.000060223
1476 0.000060217
4013 0.000060177
871 0.000060143
2618 0.000060084
1377 0.000060066
7143 0.000060001
1218 0.000059997
2338 0.000059967
405 0.000059954
829 0.000059943
2669 0.000059943
2700 0.000059941
3919 0.000059918
5850 0.000059810
5584 0.000059809
6097 0.000059802
1236 0.000059755
6270 0.000059737
7879 0.000059732
346 0.000059712
5582 0.000059672
94 0.000059665
589 0.000059657
178 0.000059616
813 0.000059584
3309 0.000059580
3435 0.000059579
794 0.000059576
7054 0.000059567
3726 0.000059533
5638 0.000059524
3770 0.000059518
5721 0.000059513
7389 0.000059510
5651 0.000059446
2073 0.000059385
1360 0.000059384
8033 0.000059369
2246 0.000059361
8073 0.000059279
6442 0.000059278
722 0.000059270
2805 0.000059267
6976 0.000059247
8198 0.000059229
2053 0.000059148
7351 0.000059115
607 0.000059081
1547 0.000059081
2993 0.000059074
5776 0.000059061
7788 0.000059043
3200 0.000059034
3769 0.000059009
5922 0.000058994
1964 0.000058947
2182 0.000058916
4134 0.000058904
2550 0.000058860
1097 0.000058814
5812 0.000058796
3661 0.000058767
590 0.000058765
7119 0.000058735
887 0.000058732
4527 0.000058678
5506 0.000058661
4234 0.000058647
750 0.000058595
3433 0.000058510
897 0.000058492
2612 0.000058468
1190 0.000058455
1908 0.000058430
5592 0.000058430
6262 0.000058403
8297 0.000058367
6407 0.000058355
2815 0.000058353
332 0.000058349
4488 0.000058346
2385 0.000058239
1758 0.000058236
1444 0.000058223
741 0.000058207
4706 0.000058162
2999 0.000058154
2570 0.000058130
6251 0.000058114
2571 0.000057906
373 0.000057884
3148 0.000057851
7237 0.000057805
4797 0.000057792
2001 0.000057730
3808 0.000057709
4808 0.000057673
584 0.000057607
2356 0.000057590
7694 0.000057536
5026 0.000057518
2713 0.000057493
5640 0.000057465
2072 0.000057408
7965 0.000057408
6948 0.000057388
5415 0.000057374
7544 0.000057362
425 0.000057354
1243 0.000057343
1798 0.000057334
2768 0.000057308
8134 0.000057264
637 0.000057244
1222 0.000057239
3243 0.000057158
730 0.000057150
1394 0.000057130
1848 0.000057127
4218 0.000056988
985 0.000056984
29 0.000056982
6505 0.000056965
3854 0.000056857
2799 0.000056787
1573 0.000056787
3614 0.000056747
1969 0.000056740
6227 0.000056669
977 0.000056649
6243 0.000056625
2511 0.000056512
7400 0.000056474
1973 0.000056460
255 0.000056447
893 0.000056436
659 0.000056412
1006 0.000056384
7726 0.000056362
3967 0.000056282
1610 0.000056236
3073 0.000056229
391 0.000056216
2696 0.000056190
5064 0.000056143
1353 0.000056141
1781 0.000056112
2687 0.000056080
2972 0.000056067
348 0.000056066
7669 0.000055984
1439 0.000055930
2828 0.000055878
3274 0.000055869
1833 0.000055837
5012 0.000055829
5155 0.000055813
946 0.000055779
308 0.000055766
2409 0.000055760
1425 0.000055674
2932 0.000055671
1792 0.000055614
5637 0.000055596
2106 0.000055592
286 0.000055577
1972 0.000055576
958 0.000055558
7588 0.000055556
6255 0.000055536
1783 0.000055499
4480 0.000055483
8168 0.000055447
873 0.000055439
1192 0.000055429
2587 0.000055426
1641 0.000055412
4341 0.000055382
317 0.000055378
1805 0.000055367
7073 0.000055360
3483 0.000055325
1471 0.000055291
4024 0.000055277
5790 0.000055223
3099 0.000055193
2946 0.000055174
3541 0.000055109
1774 0.000055076
4588 0.000055053
3173 0.000055034
3956 0.000055001
1296 0.000054953
7529 0.000054927
2592 0.000054923
7120 0.000054906
105 0.000054904
1555 0.000054829
7094 0.000054827
4645 0.000054826
3 0.000054795
2764 0.000054758
2623 0.000054729
5973 0.000054720
5753 0.000054688
5323 0.000054491
803 0.000054452
6094 0.000054446
1419 0.000054436
6901 0.000054435
2004 0.000054418
4453 0.000054415
7683 0.000054335
1250 0.000054307
1542 0.000054301
403 0.000054294
4764 0.000054283
4065 0.000054238
4529 0.000054204
6993 0.000054180
749 0.000054108
1185 0.000054037
5994 0.000054021
2966 0.000054018
5439 0.000054009
5432 0.000053985
6628 0.000053938
2329 0.000053894
8044 0.000053859
2253 0.000053858
837 0.000053805
4051 0.000053784
2580 0.000053756
7185 0.000053725
435 0.000053723
3126 0.000053719
5246 0.000053674
5928 0.000053660
1393 0.000053626
1580 0.000053602
61 0.000053577
628 0.000053576
2479 0.000053564
633 0.000053467
325 0.000053372
1596 0.000053357
5392 0.000053343
2605 0.000053329
647 0.000053323
627 0.000053308
928 0.000053303
839 0.000053248
6840 0.000053220
6699 0.000053217
7604 0.000053162
968 0.000053158
1592 0.000053152
2838 0.000053113
4899 0.000053109
3338 0.000053059
6029 0.000053038
1032 0.000053038
1375 0.000053019
8083 0.000053017
7946 0.000052973
321 0.000052925
2386 0.000052902
3835 0.000052886
1780 0.000052854
5802 0.000052836
6783 0.000052760
6272 0.000052742
1858 0.000052742
2345 0.000052710
3150 0.000052673
6400 0.000052656
935 0.000052631
3056 0.000052609
7373 0.000052581
1662 0.000052575
2137 0.000052548
6594 0.000052501
261 0.000052488
1915 0.000052455
302 0.000052399
7422 0.000052355
4173 0.000052327
1501 0.000052313
4938 0.000052282
938 0.000052265
334 0.000052262
394 0.000052159
3018 0.000052130
8219 0.000052070
5623 0.000052035
4604 0.000052026
368 0.000051985
4786 0.000051962
2777 0.000051960
8237 0.000051888
7567 0.000051880
2350 0.000051849
1587 0.000051768
2918 0.000051751
515 0.000051751
1961 0.000051740
2825 0.000051691
4558 0.000051688
875 0.000051687
6528 0.000051624
2721 0.000051597
428 0.000051579
1658 0.000051526
947 0.000051512
2501 0.000051505
6501 0.000051485
7688 0.000051479
2617 0.000051431
673 0.000051386
4994 0.000051366
3455 0.000051354
2575 0.000051308
5509 0.000051189
1230 0.000051176
3969 0.000051167
6023 0.000051156
7707 0.000051101
5932 0.000051066
7921 0.000051041
3670 0.000050995
3842 0.000050954
1884 0.000050874
1420 0.000050730
1518 0.000050725
6088 0.000050579
604 0.000050561
1061 0.000050544
1034 0.000050519
7874 0.000050510
151 0.000050462
4987 0.000050444
252 0.000050429
5393 0.000050422
7666 0.000050371
3050 0.000050321
1418 0.000050195
23 0.000050186
971 0.000050160
39 0.000050123
5737 0.000050090
606 0.000050077
6241 0.000050062
5732 0.000050036
7928 0.000050026
2597 0.000049978
2332 0.000049965
49 0.000049945
2095 0.000049926
3922 0.000049881
144 0.000049867
1861 0.000049854
2974 0.000049830
805 0.000049803
8141 0.000049769
981 0.000049758
4422 0.000049748
3348 0.000049741
643 0.000049732
8043 0.000049716
1746 0.000049712
324 0.000049706
8128 0.000049703
6511 0.000049699
4944 0.000049645
2765 0.000049626
7040 0.000049620
1920 0.000049576
182 0.000049552
853 0.000049552
3554 0.000049509
1468 0.000049470
2116 0.000049466
3464 0.000049463
4276 0.000049450
1137 0.000049448
1556 0.000049430
2273 0.000049422
5980 0.000049418
1819 0.000049306
7497 0.000049283
3804 0.000049237
1597 0.000049170
1653 0.000049166
1524 0.000049133
5694 0.000049130
2951 0.000049087
1747 0.000049078
8002 0.000049075
827 0.000049048
3681 0.000049040
967 0.000048972
6532 0.000048892
1987 0.000048879
7701 0.000048865
6552 0.000048810
7810 0.000048751
1757 0.000048722
999 0.000048710
5614 0.000048671
1692 0.000048569
226 0.000048559
33 0.000048523
3811 0.000048473
1600 0.000048428
8 0.000048425
7647 0.000048415
4977 0.000048402
6737 0.000048390
4728 0.000048390
5327 0.000048352
806 0.000048350
1534 0.000048340
7393 0.000048315
514 0.000048305
3809 0.000048261
2294 0.000048258
1411 0.000048188
798 0.000048169
5487 0.000048056
7668 0.000048052
4552 0.000048025
6170 0.000047993
6595 0.000047992
6021 0.000047961
1752 0.000047948
2917 0.000047942
3506 0.000047938
3629 0.000047928
3646 0.000047910
5835 0.000047909
2178 0.000047819
684 0.000047817
982 0.000047748
664 0.000047721
431 0.000047706
2333 0.000047698
6850 0.000047627
4993 0.000047563
707 0.000047492
2925 0.000047459
6712 0.000047458
4584 0.000047446
132 0.000047435
6570 0.000047428
1023 0.000047419
2928 0.000047406
2599 0.000047392
5511 0.000047387
4127 0.000047371
2724 0.000047325
5626 0.000047294
7201 0.000047290
1131 0.000047278
2589 0.000047258
1520 0.000047257
447 0.000047190
4814 0.000047170
1074 0.000047131
7574 0.000047130
8209 0.000047121
273 0.000047108
963 0.000047100
4562 0.000047063
4613 0.000047037
1075 0.000046935
1124 0.000046913
3301 0.000046853
3816 0.000046815
1857 0.000046812
1396 0.000046792
3319 0.000046784
3171 0.000046773
4678 0.000046770
1203 0.000046752
440 0.000046746
3999 0.000046742
36 0.000046729
6759 0.000046709
2638 0.000046673
1506 0.000046668
2652 0.000046650
34 0.000046630
2348 0.000046627
7695 0.000046612
3000 0.000046590
236 0.000046545
7397 0.000046542
1029 0.000046530
5745 0.000046512
1402 0.000046499
1652 0.000046470
1823 0.000046457
878 0.000046400
422 0.000046361
6474 0.000046335
1618 0.000046273
955 0.000046261
3942 0.000046161
2720 0.000046121
3914 0.000046075
2119 0.000046064
3297 0.000046052
567 0.000045907
795 0.000045837
4583 0.000045826
3576 0.000045813
1382 0.000045800
6409 0.000045791
38 0.000045734
7778 0.000045715
5772 0.000045704
2844 0.000045627
6755 0.000045467
6953 0.000045455
258 0.000045454
1160 0.000045452
6571 0.000045419
3068 0.000045411
7434 0.000045406
2241 0.000045404
8019 0.000045403
6682 0.000045391
1043 0.000045358
506 0.000045349
1039 0.000045332
1007 0.000045323
979 0.000045309
8227 0.000045290
7791 0.000045285
4876 0.000045271
19 0.000045226
6707 0.000045177
4181 0.000045137
8284 0.000045032
7341 0.000044984
1513 0.000044945
6553 0.000044926
8149 0.000044924
2751 0.000044903
6873 0.000044880
257 0.000044855
1407 0.000044841
433 0.000044834
2281 0.000044833
2797 0.000044806
5245 0.000044794
5058 0.000044780
8124 0.000044755
4351 0.000044726
5033 0.000044717
903 0.000044711
4992 0.000044710
3520 0.000044678
838 0.000044670
429 0.000044666
4468 0.000044665
3555 0.000044661
6803 0.000044614
3785 0.000044599
1733 0.000044598
868 0.000044563
8024 0.000044557
725 0.000044543
3567 0.000044532
228 0.000044525
5650 0.000044489
4605 0.000044478
3616 0.000044459
5972 0.000044439
2165 0.000044420
1979 0.000044393
2926 0.000044387
4386 0.000044325
4412 0.000044285
1152 0.000044262
936 0.000044229
5620 0.000044195
4482 0.000044194
7059 0.000044178
3376 0.000044157
675 0.000044129
4183 0.000044120
6762 0.000044098
216 0.000044087
192 0.000044085
1372 0.000044050
2604 0.000044048
80 0.000044027
778 0.000044011
1768 0.000044011
2979 0.000043959
1277 0.000043958
836 0.000043957
7088 0.000043934
682 0.000043897
1077 0.000043871
1714 0.000043775
2990 0.000043758
2205 0.000043753
7652 0.000043742
4030 0.000043735
4385 0.000043657
5274 0.000043656
154 0.000043624
2607 0.000043617
1563 0.000043615
3235 0.000043611
5539 0.000043611
3973 0.000043576
3461 0.000043563
691 0.000043555
2097 0.000043555
517 0.000043549
5991 0.000043529
1613 0.000043528
1259 0.000043513
844 0.000043486
3324 0.000043472
30 0.000043462
748 0.000043449
6606 0.000043413
6632 0.000043404
1730 0.000043367
5830 0.000043366
3772 0.000043356
7243 0.000043355
7498 0.000043314
1984 0.000043304
300 0.000043277
406 0.000043264
5705 0.000043200
1865 0.000043189
3875 0.000043160
1389 0.000043159
1837 0.000043156
2426 0.000043138
3538 0.000043041
1321 0.000043019
6924 0.000043013
6166 0.000042951
1628 0.000042950
150 0.000042872
5437 0.000042859
820 0.000042844
1260 0.000042785
4355 0.000042771
3609 0.000042771
4648 0.000042762
8139 0.000042753
8028 0.000042735
1707 0.000042732
3939 0.000042696
1144 0.000042695
6567 0.000042685
4677 0.000042668
5043 0.000042653
6589 0.000042644
5655 0.000042608
6261 0.000042606
1055 0.000042599
7074 0.000042593
6663 0.000042592
1649 0.000042587
1880 0.000042584
175 0.000042569
2060 0.000042501
994 0.000042497
586 0.000042468
1583 0.000042442
1901 0.000042420
5311 0.000042406
1550 0.000042401
1595 0.000042359
2168 0.000042358
224 0.000042354
1629 0.000042345
6621 0.000042340
5500 0.000042329
3193 0.000042323
7533 0.000042309
1672 0.000042278
6435 0.000042273
826 0.000042250
5140 0.000042241
6360 0.000042216
4088 0.000042170
7449 0.000042155
1493 0.000042135
7512 0.000042057
6198 0.000042053
7648 0.000042033
2736 0.000042026
3313 0.000042017
339 0.000042012
4331 0.000041901
5375 0.000041884
1196 0.000041854
592 0.000041850
1221 0.000041836
1100 0.000041828
810 0.000041811
488 0.000041809
246 0.000041783
4441 0.000041771
6813 0.000041722
538 0.000041700
1669 0.000041693
771 0.000041692
3822 0.000041683
8037 0.000041678
7362 0.000041647
5757 0.000041643
2229 0.000041643
913 0.000041606
2109 0.000041603
5784 0.000041590
3556 0.000041576
396 0.000041557
7222 0.000041554
5132 0.000041529
1791 0.000041518
5756 0.000041483
2181 0.000041477
3463 0.000041441
2342 0.000041356
4625 0.000041337
945 0.000041244
943 0.000041241
6945 0.000041235
5887 0.000041216
2007 0.000041215
4231 0.000041209
686 0.000041199
7149 0.000041195
6427 0.000041191
5255 0.000041182
5326 0.000041163
975 0.000041113
5231 0.000041112
219 0.000041098
7359 0.000041097
5298 0.000041080
8148 0.000041057
6078 0.000041048
5639 0.000041019
8169 0.000041017
183 0.000041007
6686 0.000040992
581 0.000040972
991 0.000040960
7146 0.000040941
2112 0.000040911
619 0.000040907
349 0.000040904
3446 0.000040838
7857 0.000040812
4631 0.000040803
5559 0.000040795
2914 0.000040784
2422 0.000040768
377 0.000040758
5208 0.000040742
881 0.000040738
5933 0.000040713
932 0.000040711
4934 0.000040707
995 0.000040657
2234 0.000040655
7557 0.000040624
32 0.000040619
948 0.000040597
5417 0.000040588
918 0.000040574
1531 0.000040547
5146 0.000040541
7517 0.000040533
319 0.000040527
1323 0.000040491
7653 0.000040479
6059 0.000040452
1490 0.000040449
2247 0.000040435
8122 0.000040413
2091 0.000040408
7691 0.000040386
6472 0.000040376
2129 0.000040351
5308 0.000040332
6700 0.000040303
2647 0.000040298
2069 0.000040274
2366 0.000040258
379 0.000040239
3410 0.000040190
2206 0.000040187
5312 0.000040120
564 0.000040102
6462 0.000040093
6530 0.000040091
861 0.000040081
657 0.000040077
6709 0.000040055
4966 0.000039996
64 0.000039987
3856 0.000039968
4058 0.000039959
1678 0.000039909
5406 0.000039908
956 0.000039898
3745 0.000039888
5044 0.000039861
7440 0.000039848
314 0.000039845
7292 0.000039806
4779 0.000039774
2277 0.000039773
3486 0.000039747
1020 0.000039745
1687 0.000039726
1991 0.000039692
5837 0.000039662
7994 0.000039641
5643 0.000039609
616 0.000039550
622 0.000039536
4466 0.000039527
566 0.000039527
2591 0.000039462
6942 0.000039450
6009 0.000039366
706 0.000039364
4658 0.000039356
127 0.000039350
6529 0.000039337
140 0.000039327
7952 0.000039308
1030 0.000039241
4117 0.000039235
232 0.000039216
4031 0.000039164
6447 0.000039163
5513 0.000039161
8058 0.000039120
1128 0.000039118
4776 0.000039110
5120 0.000039082
4171 0.000039068
8276 0.000039067
4831 0.000039067
306 0.000039062
7246 0.000039039
7996 0.000039034
3082 0.000039032
1441 0.000039032
7204 0.000039028
3671 0.000039024
477 0.000039010
4561 0.000039010
5635 0.000039009
1266 0.000038991
7740 0.000038991
7215 0.000038959
5271 0.000038938
6805 0.000038930
658 0.000038906
1557 0.000038885
7315 0.000038882
5809 0.000038853
3980 0.000038826
6892 0.000038799
7162 0.000038782
1141 0.000038764
7436 0.000038744
4403 0.000038733
674 0.000038699
7423 0.000038687
5977 0.000038680
2085 0.000038673
5860 0.000038621
4111 0.000038587
1985 0.000038585
392 0.000038552
7520 0.000038504
7593 0.000038484
2055 0.000038482
4620 0.000038472
168 0.000038452
864 0.000038448
1472 0.000038446
5141 0.000038420
3285 0.000038395
4879 0.000038388
705 0.000038362
3933 0.000038359
6027 0.000038344
7254 0.000038338
797 0.000038328
7634 0.000038308
5713 0.000038304
147 0.000038303
7323 0.000038289
6982 0.000038286
8090 0.000038281
1604 0.000038269
1282 0.000038263
2101 0.000038250
6933 0.000038241
8226 0.000038229
5709 0.000038219
822 0.000038211
6311 0.000038196
2670 0.000038187
6772 0.000038170
6983 0.000038158
389 0.000038126
7642 0.000038124
7840 0.000038123
7899 0.000038097
8296 0.000038091
5045 0.000038022
866 0.000038007
5350 0.000038006
7257 0.000038002
5630 0.000037989
6670 0.000037965
885 0.000037949
1983 0.000037933
5926 0.000037919
631 0.000037915
6269 0.000037914
8275 0.000037907
8079 0.000037889
6723 0.000037878
1220 0.000037869
6302 0.000037858
3911 0.000037854
1619 0.000037843
6543 0.000037842
7186 0.000037836
1732 0.000037754
274 0.000037745
1168 0.000037741
717 0.000037712
8007 0.000037690
1060 0.000037680
1770 0.000037663
5260 0.000037639
6917 0.000037627
4621 0.000037614
8130 0.000037584
1326 0.000037571
7161 0.000037535
681 0.000037534
1038 0.000037529
3547 0.000037483
163 0.000037465
6890 0.000037437
8277 0.000037430
6923 0.000037429
7439 0.000037406
2202 0.000037342
5564 0.000037311
1432 0.000037311
743 0.000037311
4012 0.000037302
7658 0.000037299
7675 0.000037296
6788 0.000037295
802 0.000037283
6938 0.000037281
1270 0.000037253
7590 0.000037252
2650 0.000037240
359 0.000037229
3155 0.000037221
4014 0.000037219
222 0.000037208
5363 0.000037204
89 0.000037196
4220 0.000037161
7730 0.000037161
2629 0.000037152
1478 0.000037147
3867 0.000037143
2233 0.000037138
525 0.000037130
1435 0.000037127
8025 0.000037122
4332 0.000037108
6105 0.000037087
8263 0.000037083
130 0.000037083
791 0.000037068
779 0.000037052
983 0.000037042
3080 0.000037035
5931 0.000037032
3465 0.000037015
6164 0.000036993
601 0.000036981
3921 0.000036962
5801 0.000036944
7673 0.000036938
6668 0.000036911
1612 0.000036903
7290 0.000036862
934 0.000036803
3549 0.000036797
5115 0.000036770
7289 0.000036765
2376 0.000036739
8175 0.000036717
2362 0.000036707
7262 0.000036703
624 0.000036685
6162 0.000036674
5309 0.000036671
668 0.000036671
1636 0.000036634
3409 0.000036627
2121 0.000036594
6685 0.000036584
6809 0.000036575
3592 0.000036543
5296 0.000036540
7250 0.000036534
7407 0.000036484
4211 0.000036482
4411 0.000036476
6096 0.000036465
5364 0.000036453
5664 0.000036437
5467 0.000036418
6278 0.000036401
4047 0.000036381
1689 0.000036375
6920 0.000036363
2552 0.000036355
6111 0.000036348
1486 0.000036336
2910 0.000036324
4009 0.000036300
5569 0.000036290
3109 0.000036289
6421 0.000036276
1537 0.000036233
823 0.000036231
6777 0.000036225
6568 0.000036207
7491 0.000036206
7708 0.000036175
3893 0.000036167
390 0.000036160
5778 0.000036151
6321 0.000036144
3912 0.000036118
7319 0.000036113
4254 0.000036107
4311 0.000036102
670 0.000036101
942 0.000036083
575 0.000036070
6691 0.000036065
7387 0.000036000
650 0.000035971
341 0.000035942
7508 0.000035937
3849 0.000035936
7023 0.000035919
3429 0.000035849
7490 0.000035844
793 0.000035834
3623 0.000035833
338 0.000035830
700 0.000035829
2242 0.000035826
6080 0.000035801
1485 0.000035798
882 0.000035796
1532 0.000035786
5240 0.000035781
1240 0.000035765
3266 0.000035761
929 0.000035750
8050 0.000035730
3205 0.000035729
3974 0.000035726
2843 0.000035713
6724 0.000035707
687 0.000035700
2818 0.000035664
3271 0.000035643
7583 0.000035640
4954 0.000035637
6491 0.000035626
2484 0.000035619
5740 0.000035611
301 0.000035611
7506 0.000035590
6967 0.000035569
8285 0.000035552
2956 0.000035549
6106 0.000035511
3256 0.000035507
8282 0.000035496
4650 0.000035484
3971 0.000035483
8204 0.000035463
5588 0.000035437
6041 0.000035434
6047 0.000035428
2163 0.000035394
4815 0.000035383
1287 0.000035378
5481 0.000035375
1510 0.000035372
7534 0.000035348
6590 0.000035339
6110 0.000035330
1716 0.000035330
7304 0.000035313
4471 0.000035311
6109 0.000035295
4359 0.000035271
3023 0.000035268
4822 0.000035241
8068 0.000035237
7365 0.000035233
6661 0.000035226
2672 0.000035197
6083 0.000035186
5253 0.000035156
4639 0.000035155
5838 0.000035131
6769 0.000035129
378 0.000035110
5514 0.000035102
5354 0.000035092
7110 0.000035087
5470 0.000035058
744 0.000035018
6464 0.000035012
7819 0.000034995
3255 0.000034992
5075 0.000034979
427 0.000034962
1092 0.000034959
6010 0.000034955
617 0.000034921
1507 0.000034915
5956 0.000034911
5782 0.000034910
3713 0.000034866
5570 0.000034855
1114 0.000034844
5351 0.000034829
6806 0.000034829
6235 0.000034820
4887 0.000034805
7913 0.000034805
4272 0.000034801
167 0.000034787
4783 0.000034656
4265 0.000034649
4942 0.000034644
2425 0.000034640
5955 0.000034634
7316 0.000034632
7297 0.000034630
5663 0.000034612
8289 0.000034589
8186 0.000034587
5133 0.000034586
4809 0.000034581
4235 0.000034560
1533 0.000034534
5706 0.000034520
358 0.000034519
5306 0.000034510
6130 0.000034496
93 0.000034493
7672 0.000034484
1955 0.000034475
6641 0.000034411
4946 0.000034404
4866 0.000034404
5426 0.000034370
3949 0.000034351
3737 0.000034343
7734 0.000034304
5368 0.000034281
8225 0.000034270
4303 0.000034245
1950 0.000034233
7909 0.000034186
5362 0.000034184
7799 0.000034176
6149 0.000034169
645 0.000034156
6721 0.000034153
1657 0.000034147
5754 0.000034140
5882 0.000034108
5267 0.000034089
4684 0.000034089
2378 0.000034087
6376 0.000034062
4580 0.000034056
3888 0.000034052
6950 0.000034023
3237 0.000034021
7060 0.000034012
6307 0.000033997
6340 0.000033982
4068 0.000033977
5303 0.000033976
5434 0.000033969
4550 0.000033959
6054 0.000033946
6756 0.000033932
7735 0.000033932
5792 0.000033923
6997 0.000033910
8132 0.000033898
6592 0.000033897
5310 0.000033875
4188 0.000033866
3363 0.000033842
3880 0.000033819
421 0.000033811
3138 0.000033776
6226 0.000033751
2083 0.000033747
7991 0.000033720
6257 0.000033698
5388 0.000033698
5665 0.000033697
5880 0.000033684
5832 0.000033684
7042 0.000033684
7318 0.000033663
7765 0.000033663
5673 0.000033590
3797 0.000033589
6280 0.000033588
8235 0.000033586
7690 0.000033539
5469 0.000033513
2244 0.000033511
618 0.000033463
694 0.000033454
6107 0.000033448
6858 0.000033391
3908 0.000033388
6225 0.000033381
3669 0.000033376
6951 0.000033362
1581 0.000033349
2423 0.000033347
6987 0.000033344
3036 0.000033324
4991 0.000033313
7881 0.000033301
7636 0.000033301
5145 0.000033297
6778 0.000033297
3832 0.000033249
4481 0.000033249
8271 0.000033244
2645 0.000033243
3825 0.000033240
6055 0.000033212
7062 0.000033189
5471 0.000033179
2798 0.000033168
6344 0.000033146
6680 0.000033146
6279 0.000033140
5533 0.000033140
8021 0.000033131
5442 0.000033125
6475 0.000033125
2679 0.000033115
6826 0.000032982
4880 0.000032982
7273 0.000032979
6965 0.000032952
2133 0.000032926
1232 0.000032913
1970 0.000032869
3105 0.000032869
6611 0.000032859
