3 0
4 1
5 2
6 3
7 4
8 5
9 6
10 7
11 8
12 9
13 10
14 11
15 12
16 13
17 14
18 15
19 16
20 17
21 18
22 19
23 20
24 21
25 22
26 23
27 24
28 25
29 26
30 27
31 28
32 29
33 30
34 31
35 32
36 33
37 34
38 35
39 36
40 37
41 38
42 39
43 40
44 41
45 42
46 43
47 44
48 45
49 46
50 47
51 48
52 49
53 50
54 51
55 52
56 53
57 54
58 55
59 56
60 57
61 58
62 59
63 60
64 61
65 62
66 63
67 64
68 65
71 66
72 67
73 68
74 69
75 70
76 71
77 72
78 73
79 74
80 75
81 76
82 77
83 78
84 79
85 80
86 81
87 82
88 83
89 84
90 85
91 86
92 87
93 88
94 89
95 90
96 91
98 92
99 93
100 94
101 95
102 96
103 97
104 98
105 99
106 100
107 101
108 102
109 103
110 104
111 105
112 106
113 107
114 108
115 109
116 110
117 111
118 112
119 113
120 114
121 115
122 116
123 117
124 118
125 119
126 120
127 121
128 122
129 123
130 124
132 125
133 126
134 127
135 128
136 129
137 130
138 131
139 132
140 133
141 134
142 135
143 136
144 137
145 138
146 139
147 140
149 141
150 142
151 143
152 144
153 145
154 146
155 147
156 148
157 149
158 150
159 151
160 152
161 153
162 154
163 155
164 156
165 157
166 158
167 159
168 160
169 161
171 162
172 163
173 164
174 165
175 166
176 167
177 168
178 169
179 170
180 171
181 172
182 173
183 174
185 175
187 176
188 177
189 178
190 179
191 180
192 181
193 182
194 183
195 184
196 185
197 186
198 187
199 188
200 189
201 190
202 191
203 192
204 193
205 194
206 195
207 196
208 197
209 198
210 199
211 200
212 201
213 202
214 203
215 204
216 205
217 206
218 207
219 208
221 209
222 210
223 211
224 212
225 213
226 214
227 215
228 216
230 217
231 218
232 219
233 220
234 221
235 222
236 223
237 224
238 225
239 226
240 227
241 228
242 229
243 230
244 231
245 232
246 233
247 234
248 235
249 236
250 237
251 238
252 239
253 240
254 241
255 242
256 243
257 244
258 245
259 246
260 247
261 248
263 249
264 250
265 251
266 252
267 253
268 254
269 255
270 256
271 257
273 258
274 259
275 260
276 261
277 262
280 263
282 264
283 265
284 266
285 267
286 268
287 269
288 270
289 271
290 272
291 273
292 274
293 275
294 276
295 277
296 278
297 279
298 280
299 281
300 282
301 283
302 284
303 285
304 286
305 287
306 288
307 289
308 290
309 291
310 292
311 293
312 294
313 295
314 296
315 297
316 298
317 299
318 300
319 301
320 302
321 303
322 304
323 305
324 306
325 307
326 308
327 309
328 310
329 311
330 312
331 313
332 314
333 315
334 316
335 317
336 318
337 319
338 320
339 321
340 322
341 323
342 324
343 325
344 326
345 327
346 328
347 329
348 330
349 331
350 332
351 333
352 334
353 335
355 336
356 337
357 338
358 339
359 340
362 341
363 342
364 343
365 344
366 345
367 346
368 347
369 348
370 349
371 350
372 351
373 352
374 353
375 354
376 355
377 356
378 357
379 358
381 359
382 360
383 361
384 362
386 363
387 364
388 365
389 366
390 367
391 368
392 369
393 370
394 371
395 372
396 373
397 374
398 375
399 376
400 377
401 378
402 379
403 380
404 381
405 382
406 383
407 384
408 385
409 386
410 387
411 388
412 389
413 390
414 391
415 392
416 393
417 394
418 395
419 396
421 397
422 398
423 399
424 400
425 401
426 402
427 403
428 404
429 405
430 406
431 407
432 408
433 409
434 410
435 411
436 412
437 413
438 414
439 415
440 416
441 417
443 418
444 419
445 420
446 421
447 422
448 423
449 424
450 425
451 426
453 427
454 428
455 429
456 430
457 431
458 432
460 433
461 434
462 435
463 436
465 437
467 438
468 439
469 440
472 441
473 442
476 443
477 444
479 445
480 446
481 447
486 448
488 449
489 450
490 451
492 452
493 453
494 454
495 455
497 456
498 457
499 458
501 459
502 460
504 461
506 462
507 463
509 464
511 465
513 466
514 467
515 468
516 469
517 470
519 471
520 472
521 473
522 474
523 475
524 476
525 477
527 478
528 479
529 480
530 481
531 482
532 483
534 484
536 485
538 486
539 487
540 488
541 489
542 490
543 491
544 492
545 493
546 494
547 495
548 496
549 497
550 498
551 499
552 500
553 501
554 502
555 503
556 504
557 505
558 506
559 507
560 508
561 509
562 510
563 511
564 512
565 513
566 514
567 515
568 516
569 517
570 518
571 519
572 520
573 521
574 522
575 523
576 524
577 525
578 526
579 527
580 528
581 529
582 530
583 531
584 532
585 533
586 534
587 535
588 536
589 537
590 538
591 539
592 540
593 541
594 542
595 543
596 544
597 545
598 546
599 547
600 548
601 549
602 550
604 551
605 552
606 553
607 554
608 555
609 556
610 557
611 558
612 559
613 560
614 561
615 562
616 563
617 564
618 565
619 566
620 567
621 568
622 569
624 570
625 571
626 572
627 573
628 574
631 575
632 576
633 577
634 578
635 579
636 580
637 581
638 582
639 583
640 584
641 585
642 586
643 587
644 588
645 589
646 590
647 591
648 592
649 593
650 594
651 595
652 596
653 597
654 598
655 599
656 600
657 601
658 602
659 603
661 604
662 605
663 606
664 607
665 608
666 609
667 610
668 611
669 612
670 613
672 614
673 615
674 616
675 617
676 618
677 619
678 620
679 621
681 622
682 623
683 624
684 625
686 626
687 627
688 628
689 629
690 630
691 631
692 632
693 633
694 634
695 635
696 636
697 637
698 638
699 639
700 640
701 641
703 642
704 643
705 644
706 645
707 646
708 647
709 648
710 649
711 650
712 651
713 652
714 653
715 654
716 655
717 656
718 657
719 658
720 659
721 660
722 661
723 662
724 663
725 664
726 665
727 666
728 667
729 668
730 669
731 670
732 671
733 672
734 673
735 674
736 675
737 676
738 677
739 678
741 679
742 680
743 681
744 682
745 683
746 684
748 685
749 686
750 687
751 688
752 689
753 690
754 691
755 692
756 693
758 694
759 695
760 696
761 697
762 698
763 699
764 700
765 701
766 702
767 703
768 704
769 705
770 706
771 707
772 708
773 709
774 710
775 711
776 712
778 713
779 714
780 715
781 716
782 717
783 718
784 719
785 720
786 721
787 722
788 723
789 724
791 725
792 726
793 727
794 728
795 729
796 730
797 731
798 732
799 733
800 734
801 735
802 736
803 737
804 738
805 739
806 740
807 741
808 742
810 743
811 744
812 745
813 746
814 747
815 748
816 749
817 750
818 751
819 752
820 753
821 754
822 755
823 756
824 757
825 758
826 759
827 760
829 761
830 762
831 763
832 764
835 765
836 766
837 767
838 768
839 769
840 770
841 771
842 772
843 773
844 774
845 775
847 776
848 777
849 778
850 779
851 780
852 781
853 782
854 783
855 784
856 785
857 786
859 787
860 788
861 789
862 790
863 791
864 792
865 793
866 794
867 795
868 796
869 797
870 798
871 799
872 800
873 801
874 802
875 803
876 804
877 805
878 806
879 807
880 808
881 809
882 810
883 811
885 812
886 813
887 814
888 815
889 816
890 817
891 818
892 819
893 820
895 821
896 822
897 823
898 824
899 825
900 826
902 827
903 828
904 829
905 830
906 831
907 832
908 833
909 834
910 835
911 836
912 837
913 838
914 839
915 840
916 841
917 842
918 843
919 844
920 845
921 846
922 847
923 848
924 849
926 850
927 851
928 852
929 853
930 854
931 855
932 856
933 857
934 858
935 859
936 860
937 861
938 862
940 863
941 864
942 865
943 866
944 867
945 868
946 869
947 870
948 871
949 872
950 873
951 874
954 875
955 876
956 877
957 878
958 879
959 880
960 881
961 882
962 883
963 884
964 885
965 886
966 887
967 888
968 889
969 890
970 891
971 892
972 893
973 894
974 895
975 896
976 897
977 898
978 899
979 900
980 901
981 902
982 903
983 904
984 905
985 906
986 907
987 908
988 909
989 910
990 911
991 912
992 913
993 914
994 915
995 916
996 917
998 918
999 919
1000 920
1001 921
1002 922
1003 923
1004 924
1005 925
1006 926
1007 927
1008 928
1009 929
1010 930
1011 931
1012 932
1013 933
1014 934
1016 935
1017 936
1018 937
1019 938
1020 939
1021 940
1022 941
1023 942
1024 943
1025 944
1026 945
1027 946
1028 947
1029 948
1030 949
1031 950
1032 951
1033 952
1034 953
1035 954
1037 955
1038 956
1039 957
1040 958
1041 959
1042 960
1043 961
1044 962
1045 963
1046 964
1047 965
1048 966
1049 967
1050 968
1051 969
1052 970
1053 971
1055 972
1058 973
1059 974
1060 975
1061 976
1062 977
1063 978
1064 979
1065 980
1066 981
1067 982
1068 983
1070 984
1071 985
1072 986
1074 987
1075 988
1077 989
1078 990
1079 991
1080 992
1081 993
1082 994
1083 995
1084 996
1085 997
1086 998
1087 999
1088 1000
1089 1001
1090 1002
1092 1003
1093 1004
1094 1005
1095 1006
1096 1007
1097 1008
1098 1009
1099 1010
1100 1011
1101 1012
1102 1013
1103 1014
1104 1015
1105 1016
1106 1017
1107 1018
1108 1019
1109 1020
1110 1021
1111 1022
1112 1023
1113 1024
1114 1025
1115 1026
1120 1027
1123 1028
1124 1029
1125 1030
1126 1031
1127 1032
1128 1033
1129 1034
1130 1035
1131 1036
1132 1037
1133 1038
1134 1039
1135 1040
1137 1041
1138 1042
1139 1043
1140 1044
1141 1045
1142 1046
1143 1047
1144 1048
1145 1049
1146 1050
1147 1051
1148 1052
1150 1053
1151 1054
1152 1055
1154 1056
1155 1057
1156 1058
1157 1059
1158 1060
1159 1061
1160 1062
1161 1063
1164 1064
1165 1065
1166 1066
1167 1067
1168 1068
1169 1069
1170 1070
1171 1071
1172 1072
1173 1073
1174 1074
1175 1075
1176 1076
1177 1077
1178 1078
1179 1079
1180 1080
1181 1081
1182 1082
1183 1083
1184 1084
1185 1085
1186 1086
1187 1087
1188 1088
1189 1089
1190 1090
1191 1091
1192 1092
1193 1093
1194 1094
1195 1095
1196 1096
1197 1097
1198 1098
1199 1099
1200 1100
1201 1101
1202 1102
1203 1103
1204 1104
1205 1105
1206 1106
1207 1107
1208 1108
1209 1109
1210 1110
1211 1111
1212 1112
1213 1113
1214 1114
1215 1115
1216 1116
1218 1117
1219 1118
1220 1119
1221 1120
1222 1121
1223 1122
1224 1123
1225 1124
1226 1125
1227 1126
1228 1127
1229 1128
1230 1129
1231 1130
1232 1131
1233 1132
1234 1133
1235 1134
1236 1135
1237 1136
1238 1137
1239 1138
1240 1139
1241 1140
1242 1141
1243 1142
1244 1143
1245 1144
1246 1145
1247 1146
1248 1147
1250 1148
1252 1149
1253 1150
1254 1151
1255 1152
1256 1153
1257 1154
1258 1155
1259 1156
1260 1157
1261 1158
1262 1159
1264 1160
1266 1161
1267 1162
1268 1163
1269 1164
1270 1165
1271 1166
1272 1167
1273 1168
1274 1169
1275 1170
1276 1171
1277 1172
1278 1173
1279 1174
1280 1175
1281 1176
1282 1177
1284 1178
1285 1179
1286 1180
1287 1181
1290 1182
1291 1183
1292 1184
1293 1185
1294 1186
1295 1187
1296 1188
1297 1189
1298 1190
1299 1191
1300 1192
1301 1193
1302 1194
1303 1195
1304 1196
1305 1197
1306 1198
1307 1199
1308 1200
1309 1201
1310 1202
1311 1203
1312 1204
1313 1205
1314 1206
1315 1207
1316 1208
1317 1209
1318 1210
1319 1211
1320 1212
1321 1213
1322 1214
1323 1215
1324 1216
1325 1217
1326 1218
1327 1219
1328 1220
1329 1221
1330 1222
1331 1223
1332 1224
1333 1225
1334 1226
1335 1227
1336 1228
1337 1229
1338 1230
1339 1231
1340 1232
1341 1233
1342 1234
1343 1235
1344 1236
1345 1237
1346 1238
1349 1239
1350 1240
1351 1241
1352 1242
1353 1243
1354 1244
1355 1245
1356 1246
1357 1247
1358 1248
1359 1249
1360 1250
1361 1251
1362 1252
1365 1253
1366 1254
1367 1255
1368 1256
1369 1257
1370 1258
1372 1259
1373 1260
1374 1261
1375 1262
1376 1263
1377 1264
1378 1265
1379 1266
1380 1267
1381 1268
1382 1269
1383 1270
1384 1271
1385 1272
1386 1273
1387 1274
1388 1275
1389 1276
1390 1277
1391 1278
1392 1279
1393 1280
1394 1281
1395 1282
1396 1283
1397 1284
1398 1285
1399 1286
1400 1287
1401 1288
1402 1289
1403 1290
1404 1291
1405 1292
1406 1293
1407 1294
1408 1295
1409 1296
1410 1297
1411 1298
1412 1299
1413 1300
1416 1301
1418 1302
1419 1303
1420 1304
1421 1305
1422 1306
1423 1307
1424 1308
1425 1309
1426 1310
1427 1311
1428 1312
1429 1313
1430 1314
1431 1315
1432 1316
1433 1317
1434 1318
1435 1319
1436 1320
1437 1321
1438 1322
1439 1323
1440 1324
1441 1325
1442 1326
1443 1327
1444 1328
1445 1329
1446 1330
1447 1331
1448 1332
1449 1333
1450 1334
1451 1335
1452 1336
1453 1337
1454 1338
1455 1339
1456 1340
1457 1341
1458 1342
1459 1343
1460 1344
1461 1345
1462 1346
1463 1347
1464 1348
1465 1349
1466 1350
1467 1351
1468 1352
1469 1353
1470 1354
1471 1355
1472 1356
1473 1357
1474 1358
1476 1359
1478 1360
1480 1361
1481 1362
1482 1363
1483 1364
1484 1365
1485 1366
1486 1367
1487 1368
1488 1369
1489 1370
1490 1371
1492 1372
1493 1373
1494 1374
1495 1375
1496 1376
1497 1377
1498 1378
1499 1379
1500 1380
1501 1381
1502 1382
1503 1383
1504 1384
1505 1385
1506 1386
1507 1387
1509 1388
1510 1389
1511 1390
1512 1391
1513 1392
1514 1393
1515 1394
1516 1395
1517 1396
1518 1397
1519 1398
1520 1399
1521 1400
1522 1401
1523 1402
1524 1403
1525 1404
1526 1405
1527 1406
1528 1407
1529 1408
1530 1409
1531 1410
1532 1411
1533 1412
1534 1413
1535 1414
1536 1415
1537 1416
1538 1417
1539 1418
1540 1419
1541 1420
1542 1421
1543 1422
1545 1423
1546 1424
1547 1425
1548 1426
1549 1427
1550 1428
1551 1429
1552 1430
1553 1431
1554 1432
1555 1433
1556 1434
1557 1435
1558 1436
1559 1437
1560 1438
1561 1439
1563 1440
1564 1441
1565 1442
1566 1443
1568 1444
1569 1445
1570 1446
1571 1447
1572 1448
1573 1449
1574 1450
1575 1451
1576 1452
1578 1453
1579 1454
1580 1455
1581 1456
1582 1457
1583 1458
1584 1459
1585 1460
1587 1461
1588 1462
1589 1463
1590 1464
1591 1465
1592 1466
1593 1467
1594 1468
1595 1469
1596 1470
1597 1471
1599 1472
1600 1473
1601 1474
1602 1475
1603 1476
1604 1477
1605 1478
1606 1479
1607 1480
1608 1481
1609 1482
1610 1483
1611 1484
1612 1485
1613 1486
1614 1487
1615 1488
1616 1489
1617 1490
1618 1491
1619 1492
1620 1493
1621 1494
1622 1495
1623 1496
1625 1497
1626 1498
1627 1499
1628 1500
1629 1501
1630 1502
1631 1503
1632 1504
1633 1505
1634 1506
1635 1507
1636 1508
1637 1509
1638 1510
1639 1511
1641 1512
1642 1513
1643 1514
1644 1515
1645 1516
1646 1517
1647 1518
1648 1519
1649 1520
1650 1521
1651 1522
1652 1523
1653 1524
1654 1525
1655 1526
1656 1527
1657 1528
1658 1529
1659 1530
1660 1531
1661 1532
1662 1533
1663 1534
1664 1535
1665 1536
1666 1537
1667 1538
1668 1539
1669 1540
1670 1541
1671 1542
1672 1543
1674 1544
1675 1545
1676 1546
1677 1547
1678 1548
1679 1549
1680 1550
1681 1551
1682 1552
1683 1553
1684 1554
1685 1555
1686 1556
1687 1557
1688 1558
1689 1559
1690 1560
1691 1561
1692 1562
1693 1563
1694 1564
1695 1565
1696 1566
1697 1567
1698 1568
1699 1569
1700 1570
1701 1571
1703 1572
1704 1573
1705 1574
1706 1575
1707 1576
1708 1577
1709 1578
1710 1579
1711 1580
1712 1581
1713 1582
1714 1583
1715 1584
1716 1585
1717 1586
1718 1587
1719 1588
1720 1589
1721 1590
1722 1591
1723 1592
1724 1593
1725 1594
1726 1595
1728 1596
1729 1597
1730 1598
1731 1599
1732 1600
1733 1601
1734 1602
1735 1603
1736 1604
1737 1605
1738 1606
1739 1607
1740 1608
1741 1609
1742 1610
1743 1611
1744 1612
1745 1613
1746 1614
1747 1615
1748 1616
1749 1617
1751 1618
1752 1619
1753 1620
1754 1621
1755 1622
1756 1623
1757 1624
1758 1625
1759 1626
1760 1627
1761 1628
1762 1629
1763 1630
1764 1631
1765 1632
1766 1633
1767 1634
1768 1635
1769 1636
1770 1637
1771 1638
1772 1639
1773 1640
1774 1641
1775 1642
1777 1643
1778 1644
1780 1645
1781 1646
1782 1647
1783 1648
1784 1649
1785 1650
1787 1651
1788 1652
1789 1653
1790 1654
1791 1655
1792 1656
1793 1657
1794 1658
1795 1659
1796 1660
1797 1661
1798 1662
1799 1663
1800 1664
1802 1665
1803 1666
1804 1667
1805 1668
1806 1669
1807 1670
1808 1671
1809 1672
1810 1673
1811 1674
1812 1675
1813 1676
1814 1677
1816 1678
1819 1679
1820 1680
1821 1681
1822 1682
1823 1683
1825 1684
1826 1685
1827 1686
1828 1687
1829 1688
1830 1689
1831 1690
1832 1691
1833 1692
1834 1693
1835 1694
1836 1695
1837 1696
1838 1697
1839 1698
1840 1699
1841 1700
1842 1701
1844 1702
1845 1703
1846 1704
1847 1705
1848 1706
1849 1707
1852 1708
1853 1709
1855 1710
1856 1711
1857 1712
1858 1713
1859 1714
1860 1715
1861 1716
1862 1717
1863 1718
1864 1719
1865 1720
1866 1721
1867 1722
1868 1723
1869 1724
1870 1725
1871 1726
1872 1727
1873 1728
1874 1729
1875 1730
1876 1731
1879 1732
1880 1733
1881 1734
1882 1735
1883 1736
1884 1737
1885 1738
1886 1739
1887 1740
1888 1741
1889 1742
1890 1743
1891 1744
1892 1745
1893 1746
1894 1747
1895 1748
1896 1749
1897 1750
1899 1751
1900 1752
1901 1753
1902 1754
1903 1755
1905 1756
1906 1757
1907 1758
1908 1759
1909 1760
1911 1761
1912 1762
1913 1763
1914 1764
1915 1765
1916 1766
1917 1767
1918 1768
1919 1769
1920 1770
1921 1771
1922 1772
1923 1773
1924 1774
1925 1775
1926 1776
1927 1777
1928 1778
1929 1779
1930 1780
1931 1781
1932 1782
1933 1783
1934 1784
1935 1785
1937 1786
1938 1787
1939 1788
1940 1789
1941 1790
1943 1791
1944 1792
1945 1793
1946 1794
1947 1795
1948 1796
1950 1797
1951 1798
1952 1799
1953 1800
1955 1801
1956 1802
1958 1803
1959 1804
1960 1805
1961 1806
1962 1807
1963 1808
1964 1809
1965 1810
1966 1811
1967 1812
1968 1813
1969 1814
1970 1815
1971 1816
1972 1817
1973 1818
1975 1819
1976 1820
1977 1821
1978 1822
1979 1823
1980 1824
1981 1825
1982 1826
1983 1827
1984 1828
1985 1829
1986 1830
1987 1831
1988 1832
1989 1833
1990 1834
1991 1835
1992 1836
1993 1837
1994 1838
1995 1839
1996 1840
1997 1841
2000 1842
2001 1843
2002 1844
2003 1845
2004 1846
2005 1847
2007 1848
2008 1849
2009 1850
2010 1851
2011 1852
2012 1853
2013 1854
2014 1855
2015 1856
2016 1857
2017 1858
2018 1859
2019 1860
2020 1861
2021 1862
2023 1863
2024 1864
2025 1865
2026 1866
2027 1867
2028 1868
2029 1869
2030 1870
2031 1871
2032 1872
2033 1873
2034 1874
2035 1875
2036 1876
2037 1877
2038 1878
2040 1879
2041 1880
2042 1881
2044 1882
2045 1883
2047 1884
2049 1885
2050 1886
2051 1887
2052 1888
2053 1889
2054 1890
2055 1891
2056 1892
2057 1893
2058 1894
2059 1895
2060 1896
2061 1897
2062 1898
2063 1899
2064 1900
2065 1901
2066 1902
2067 1903
2068 1904
2069 1905
2070 1906
2071 1907
2072 1908
2073 1909
2076 1910
2077 1911
2079 1912
2081 1913
2082 1914
2083 1915
2084 1916
2085 1917
2086 1918
2087 1919
2088 1920
2089 1921
2090 1922
2091 1923
2092 1924
2093 1925
2094 1926
2095 1927
2096 1928
2097 1929
2099 1930
2100 1931
2101 1932
2102 1933
2103 1934
2104 1935
2105 1936
2106 1937
2108 1938
2109 1939
2110 1940
2111 1941
2112 1942
2113 1943
2114 1944
2115 1945
2116 1946
2117 1947
2118 1948
2119 1949
2120 1950
2121 1951
2125 1952
2126 1953
2127 1954
2128 1955
2129 1956
2130 1957
2131 1958
2132 1959
2133 1960
2134 1961
2135 1962
2136 1963
2137 1964
2138 1965
2139 1966
2141 1967
2142 1968
2143 1969
2144 1970
2145 1971
2146 1972
2147 1973
2148 1974
2149 1975
2150 1976
2151 1977
2152 1978
2153 1979
2155 1980
2156 1981
2157 1982
2159 1983
2160 1984
2161 1985
2163 1986
2164 1987
2165 1988
2167 1989
2168 1990
2169 1991
2170 1992
2171 1993
2172 1994
2173 1995
2174 1996
2175 1997
2176 1998
2177 1999
2178 2000
2179 2001
2180 2002
2181 2003
2182 2004
2183 2005
2184 2006
2185 2007
2186 2008
2187 2009
2188 2010
2189 2011
2190 2012
2191 2013
2192 2014
2193 2015
2194 2016
2195 2017
2196 2018
2197 2019
2198 2020
2199 2021
2200 2022
2201 2023
2202 2024
2203 2025
2204 2026
2205 2027
2206 2028
2209 2029
2210 2030
2211 2031
2212 2032
2213 2033
2214 2034
2215 2035
2216 2036
2217 2037
2218 2038
2219 2039
2221 2040
2222 2041
2223 2042
2224 2043
2225 2044
2226 2045
2227 2046
2228 2047
2229 2048
2230 2049
2231 2050
2232 2051
2233 2052
2234 2053
2235 2054
2236 2055
2237 2056
2238 2057
2239 2058
2240 2059
2241 2060
2242 2061
2243 2062
2244 2063
2246 2064
2247 2065
2249 2066
2250 2067
2251 2068
2252 2069
2253 2070
2254 2071
2255 2072
2256 2073
2257 2074
2258 2075
2259 2076
2260 2077
2261 2078
2262 2079
2264 2080
2265 2081
2266 2082
2267 2083
2268 2084
2269 2085
2270 2086
2272 2087
2273 2088
2274 2089
2276 2090
2277 2091
2278 2092
2280 2093
2281 2094
2282 2095
2283 2096
2285 2097
2286 2098
2287 2099
2288 2100
2289 2101
2290 2102
2291 2103
2292 2104
2293 2105
2294 2106
2295 2107
2296 2108
2297 2109
2298 2110
2299 2111
2300 2112
2301 2113
2302 2114
2304 2115
2305 2116
2306 2117
2307 2118
2308 2119
2309 2120
2310 2121
2311 2122
2312 2123
2313 2124
2314 2125
2315 2126
2316 2127
2317 2128
2318 2129
2319 2130
2320 2131
2321 2132
2322 2133
2323 2134
2324 2135
2325 2136
2326 2137
2328 2138
2329 2139
2330 2140
2331 2141
2332 2142
2333 2143
2334 2144
2335 2145
2336 2146
2337 2147
2338 2148
2339 2149
2340 2150
2341 2151
2342 2152
2343 2153
2344 2154
2345 2155
2346 2156
2348 2157
2349 2158
2350 2159
2351 2160
2352 2161
2353 2162
2354 2163
2355 2164
2356 2165
2357 2166
2359 2167
2360 2168
2361 2169
2362 2170
2363 2171
2364 2172
2365 2173
2366 2174
2367 2175
2368 2176
2369 2177
2370 2178
2371 2179
2372 2180
2373 2181
2374 2182
2375 2183
2376 2184
2378 2185
2379 2186
2380 2187
2381 2188
2382 2189
2384 2190
2385 2191
2386 2192
2387 2193
2388 2194
2389 2195
2390 2196
2391 2197
2392 2198
2393 2199
2394 2200
2395 2201
2396 2202
2397 2203
2398 2204
2399 2205
2400 2206
2401 2207
2402 2208
2403 2209
2404 2210
2405 2211
2406 2212
2407 2213
2409 2214
2410 2215
2411 2216
2412 2217
2413 2218
2414 2219
2415 2220
2416 2221
2417 2222
2418 2223
2419 2224
2420 2225
2422 2226
2423 2227
2424 2228
2425 2229
2426 2230
2427 2231
2428 2232
2429 2233
2433 2234
2434 2235
2435 2236
2437 2237
2438 2238
2439 2239
2440 2240
2441 2241
2442 2242
2443 2243
2444 2244
2445 2245
2446 2246
2447 2247
2448 2248
2449 2249
2450 2250
2451 2251
2452 2252
2453 2253
2454 2254
2455 2255
2456 2256
2457 2257
2458 2258
2459 2259
2460 2260
2461 2261
2462 2262
2463 2263
2464 2264
2465 2265
2466 2266
2467 2267
2469 2268
2470 2269
2471 2270
2472 2271
2473 2272
2474 2273
2475 2274
2476 2275
2477 2276
2478 2277
2479 2278
2480 2279
2481 2280
2482 2281
2484 2282
2485 2283
2487 2284
2488 2285
2489 2286
2490 2287
2491 2288
2492 2289
2493 2290
2494 2291
2495 2292
2496 2293
2497 2294
2498 2295
2499 2296
2500 2297
2501 2298
2502 2299
2503 2300
2504 2301
2505 2302
2506 2303
2507 2304
2508 2305
2509 2306
2510 2307
2511 2308
2512 2309
2513 2310
2514 2311
2515 2312
2516 2313
2517 2314
2518 2315
2519 2316
2520 2317
2521 2318
2522 2319
2523 2320
2524 2321
2526 2322
2527 2323
2528 2324
2529 2325
2530 2326
2531 2327
2534 2328
2535 2329
2536 2330
2537 2331
2538 2332
2540 2333
2541 2334
2542 2335
2543 2336
2544 2337
2545 2338
2546 2339
2547 2340
2548 2341
2549 2342
2550 2343
2551 2344
2552 2345
2555 2346
2556 2347
2557 2348
2558 2349
2559 2350
2560 2351
2561 2352
2562 2353
2563 2354
2564 2355
2565 2356
2566 2357
2567 2358
2568 2359
2569 2360
2570 2361
2571 2362
2572 2363
2573 2364
2574 2365
2575 2366
2576 2367
2577 2368
2578 2369
2579 2370
2580 2371
2581 2372
2582 2373
2583 2374
2584 2375
2585 2376
2586 2377
2587 2378
2589 2379
2591 2380
2592 2381
2593 2382
2594 2383
2595 2384
2596 2385
2597 2386
2598 2387
2599 2388
2603 2389
2604 2390
2605 2391
2606 2392
2607 2393
2608 2394
2609 2395
2610 2396
2611 2397
2612 2398
2613 2399
2614 2400
2615 2401
2616 2402
2617 2403
2618 2404
2619 2405
2620 2406
2621 2407
2623 2408
2624 2409
2625 2410
2626 2411
2627 2412
2628 2413
2629 2414
2630 2415
2631 2416
2632 2417
2633 2418
2634 2419
2635 2420
2636 2421
2637 2422
2638 2423
2639 2424
2640 2425
2641 2426
2642 2427
2643 2428
2644 2429
2645 2430
2646 2431
2647 2432
2648 2433
2649 2434
2650 2435
2651 2436
2652 2437
2653 2438
2654 2439
2655 2440
2656 2441
2657 2442
2658 2443
2659 2444
2660 2445
2661 2446
2662 2447
2663 2448
2664 2449
2665 2450
2667 2451
2668 2452
2669 2453
2670 2454
2671 2455
2672 2456
2673 2457
2674 2458
2675 2459
2676 2460
2677 2461
2678 2462
2679 2463
2680 2464
2682 2465
2683 2466
2684 2467
2685 2468
2686 2469
2687 2470
2688 2471
2689 2472
2690 2473
2691 2474
2692 2475
2693 2476
2694 2477
2695 2478
2696 2479
2697 2480
2698 2481
2699 2482
2700 2483
2701 2484
2702 2485
2703 2486
2704 2487
2705 2488
2706 2489
2707 2490
2708 2491
2709 2492
2711 2493
2713 2494
2715 2495
2716 2496
2717 2497
2718 2498
2719 2499
2720 2500
2721 2501
2722 2502
2723 2503
2724 2504
2725 2505
2727 2506
2728 2507
2729 2508
2730 2509
2731 2510
2733 2511
2734 2512
2736 2513
2737 2514
2738 2515
2739 2516
2740 2517
2741 2518
2744 2519
2746 2520
2747 2521
2748 2522
2749 2523
2751 2524
2752 2525
2753 2526
2754 2527
2755 2528
2757 2529
2758 2530
2759 2531
2760 2532
2761 2533
2762 2534
2763 2535
2764 2536
2765 2537
2766 2538
2767 2539
2768 2540
2769 2541
2770 2542
2771 2543
2772 2544
2773 2545
2774 2546
2775 2547
2776 2548
2777 2549
2778 2550
2779 2551
2780 2552
2781 2553
2782 2554
2783 2555
2784 2556
2785 2557
2786 2558
2787 2559
2788 2560
2789 2561
2790 2562
2791 2563
2792 2564
2793 2565
2794 2566
2796 2567
2797 2568
2798 2569
2799 2570
2801 2571
2802 2572
2803 2573
2804 2574
2805 2575
2807 2576
2808 2577
2809 2578
2811 2579
2813 2580
2814 2581
2815 2582
2817 2583
2818 2584
2819 2585
2821 2586
2822 2587
2823 2588
2824 2589
2825 2590
2826 2591
2827 2592
2828 2593
2830 2594
2831 2595
2832 2596
2833 2597
2834 2598
2835 2599
2838 2600
2839 2601
2840 2602
2841 2603
2842 2604
2843 2605
2844 2606
2845 2607
2846 2608
2847 2609
2848 2610
2849 2611
2850 2612
2851 2613
2852 2614
2853 2615
2855 2616
2856 2617
2857 2618
2858 2619
2859 2620
2860 2621
2861 2622
2862 2623
2863 2624
2864 2625
2865 2626
2866 2627
2867 2628
2868 2629
2869 2630
2870 2631
2871 2632
2872 2633
2875 2634
2876 2635
2877 2636
2879 2637
2880 2638
2881 2639
2882 2640
2883 2641
2884 2642
2885 2643
2886 2644
2887 2645
2888 2646
2889 2647
2890 2648
2891 2649
2892 2650
2893 2651
2894 2652
2895 2653
2896 2654
2898 2655
2899 2656
2900 2657
2901 2658
2902 2659
2903 2660
2904 2661
2905 2662
2906 2663
2907 2664
2908 2665
2909 2666
2910 2667
2912 2668
2913 2669
2914 2670
2916 2671
2917 2672
2918 2673
2919 2674
2921 2675
2922 2676
2923 2677
2924 2678
2925 2679
2926 2680
2928 2681
2929 2682
2930 2683
2931 2684
2932 2685
2933 2686
2935 2687
2936 2688
2938 2689
2939 2690
2940 2691
2941 2692
2944 2693
2945 2694
2946 2695
2947 2696
2948 2697
2949 2698
2950 2699
2951 2700
2952 2701
2953 2702
2954 2703
2955 2704
2956 2705
2957 2706
2958 2707
2960 2708
2961 2709
2962 2710
2963 2711
2964 2712
2965 2713
2966 2714
2967 2715
2968 2716
2969 2717
2970 2718
2971 2719
2972 2720
2973 2721
2974 2722
2975 2723
2976 2724
2977 2725
2978 2726
2979 2727
2980 2728
2981 2729
2982 2730
2983 2731
2985 2732
2986 2733
2987 2734
2988 2735
2989 2736
2990 2737
2991 2738
2992 2739
2993 2740
2994 2741
2995 2742
2996 2743
2998 2744
2999 2745
3000 2746
3001 2747
3002 2748
3003 2749
3004 2750
3005 2751
3006 2752
3007 2753
3008 2754
3009 2755
3010 2756
3011 2757
3012 2758
3013 2759
3014 2760
3015 2761
3016 2762
3017 2763
3018 2764
3019 2765
3020 2766
3021 2767
3022 2768
3023 2769
3024 2770
3025 2771
3026 2772
3027 2773
3028 2774
3029 2775
3030 2776
3031 2777
3032 2778
3033 2779
3034 2780
3035 2781
3036 2782
3037 2783
3038 2784
3039 2785
3040 2786
3041 2787
3042 2788
3043 2789
3044 2790
3046 2791
3047 2792
3048 2793
3049 2794
3050 2795
3051 2796
3052 2797
3053 2798
3054 2799
3055 2800
3056 2801
3057 2802
3059 2803
3060 2804
3061 2805
3062 2806
3063 2807
3066 2808
3068 2809
3070 2810
3071 2811
3072 2812
3073 2813
3074 2814
3075 2815
3076 2816
3077 2817
3078 2818
3080 2819
3081 2820
3082 2821
3083 2822
3084 2823
3085 2824
3086 2825
3087 2826
3088 2827
3089 2828
3090 2829
3091 2830
3092 2831
3093 2832
3094 2833
3095 2834
3096 2835
3097 2836
3098 2837
3099 2838
3101 2839
3102 2840
3103 2841
3104 2842
3105 2843
3106 2844
3107 2845
3108 2846
3109 2847
3110 2848
3111 2849
3112 2850
3113 2851
3114 2852
3115 2853
3117 2854
3118 2855
3119 2856
3120 2857
3123 2858
3124 2859
3125 2860
3126 2861
3127 2862
3128 2863
3129 2864
3130 2865
3131 2866
3132 2867
3133 2868
3134 2869
3135 2870
3136 2871
3137 2872
3138 2873
3140 2874
3142 2875
3143 2876
3144 2877
3145 2878
3146 2879
3147 2880
3148 2881
3149 2882
3150 2883
3151 2884
3152 2885
3153 2886
3154 2887
3155 2888
3156 2889
3158 2890
3159 2891
3160 2892
3162 2893
3163 2894
3164 2895
3165 2896
3166 2897
3167 2898
3168 2899
3169 2900
3171 2901
3172 2902
3173 2903
3174 2904
3175 2905
3176 2906
3180 2907
3181 2908
3182 2909
3183 2910
3184 2911
3185 2912
3186 2913
3187 2914
3188 2915
3189 2916
3190 2917
3191 2918
3192 2919
3193 2920
3194 2921
3195 2922
3196 2923
3197 2924
3198 2925
3199 2926
3200 2927
3201 2928
3202 2929
3203 2930
3204 2931
3205 2932
3206 2933
3207 2934
3208 2935
3209 2936
3210 2937
3211 2938
3212 2939
3213 2940
3214 2941
3215 2942
3216 2943
3217 2944
3218 2945
3219 2946
3220 2947
3221 2948
3222 2949
3223 2950
3224 2951
3225 2952
3226 2953
3227 2954
3228 2955
3229 2956
3230 2957
3231 2958
3232 2959
3233 2960
3234 2961
3235 2962
3237 2963
3238 2964
3239 2965
3240 2966
3241 2967
3242 2968
3243 2969
3244 2970
3245 2971
3246 2972
3247 2973
3248 2974
3249 2975
3250 2976
3251 2977
3252 2978
3253 2979
3255 2980
3256 2981
3257 2982
3258 2983
3259 2984
3260 2985
3261 2986
3262 2987
3263 2988
3264 2989
3265 2990
3266 2991
3267 2992
3268 2993
3269 2994
3270 2995
3271 2996
3272 2997
3273 2998
3274 2999
3275 3000
3276 3001
3277 3002
3278 3003
3279 3004
3280 3005
3281 3006
3282 3007
3284 3008
3285 3009
3288 3010
3290 3011
3291 3012
3292 3013
3293 3014
3294 3015
3296 3016
3297 3017
3298 3018
3299 3019
3300 3020
3301 3021
3302 3022
3303 3023
3304 3024
3305 3025
3306 3026
3307 3027
3309 3028
3310 3029
3311 3030
3312 3031
3313 3032
3314 3033
3315 3034
3316 3035
3317 3036
3318 3037
3319 3038
3320 3039
3321 3040
3322 3041
3323 3042
3324 3043
3325 3044
3326 3045
3331 3046
3332 3047
3333 3048
3334 3049
3335 3050
3338 3051
3339 3052
3340 3053
3341 3054
3342 3055
3343 3056
3344 3057
3345 3058
3346 3059
3348 3060
3349 3061
3350 3062
3351 3063
3352 3064
3353 3065
3354 3066
3355 3067
3356 3068
3357 3069
3358 3070
3359 3071
3360 3072
3361 3073
3362 3074
3363 3075
3366 3076
3367 3077
3368 3078
3369 3079
3370 3080
3371 3081
3373 3082
3374 3083
3375 3084
3376 3085
3377 3086
3378 3087
3379 3088
3380 3089
3381 3090
3382 3091
3383 3092
3384 3093
3385 3094
3386 3095
3388 3096
3389 3097
3390 3098
3391 3099
3392 3100
3393 3101
3394 3102
3395 3103
3396 3104
3397 3105
3398 3106
3399 3107
3400 3108
3401 3109
3402 3110
3403 3111
3404 3112
3405 3113
3406 3114
3407 3115
3408 3116
3409 3117
3410 3118
3411 3119
3412 3120
3416 3121
3417 3122
3418 3123
3422 3124
3423 3125
3424 3126
3425 3127
3426 3128
3427 3129
3429 3130
3433 3131
3434 3132
3435 3133
3436 3134
3437 3135
3438 3136
3439 3137
3440 3138
3441 3139
3443 3140
3444 3141
3445 3142
3446 3143
3447 3144
3448 3145
3449 3146
3450 3147
3451 3148
3452 3149
3453 3150
3454 3151
3455 3152
3456 3153
3457 3154
3458 3155
3459 3156
3460 3157
3461 3158
3462 3159
3463 3160
3464 3161
3465 3162
3466 3163
3467 3164
3468 3165
3469 3166
3470 3167
3471 3168
3472 3169
3473 3170
3475 3171
3477 3172
3478 3173
3479 3174
3480 3175
3481 3176
3482 3177
3483 3178
3486 3179
3487 3180
3488 3181
3489 3182
3490 3183
3491 3184
3492 3185
3493 3186
3494 3187
3495 3188
3496 3189
3497 3190
3498 3191
3499 3192
3500 3193
3504 3194
3506 3195
3508 3196
3509 3197
3510 3198
3511 3199
3512 3200
3513 3201
3514 3202
3515 3203
3516 3204
3518 3205
3519 3206
3520 3207
3521 3208
3522 3209
3523 3210
3524 3211
3525 3212
3526 3213
3527 3214
3528 3215
3529 3216
3530 3217
3531 3218
3532 3219
3535 3220
3536 3221
3537 3222
3538 3223
3539 3224
3540 3225
3541 3226
3542 3227
3543 3228
3544 3229
3545 3230
3547 3231
3548 3232
3549 3233
3550 3234
3551 3235
3552 3236
3553 3237
3554 3238
3555 3239
3556 3240
3557 3241
3558 3242
3560 3243
3561 3244
3562 3245
3563 3246
3564 3247
3565 3248
3566 3249
3567 3250
3568 3251
3569 3252
3571 3253
3576 3254
3577 3255
3578 3256
3579 3257
3580 3258
3581 3259
3582 3260
3583 3261
3584 3262
3585 3263
3586 3264
3587 3265
3589 3266
3590 3267
3591 3268
3592 3269
3593 3270
3594 3271
3595 3272
3596 3273
3597 3274
3598 3275
3599 3276
3600 3277
3601 3278
3602 3279
3603 3280
3604 3281
3605 3282
3606 3283
3607 3284
3609 3285
3610 3286
3611 3287
3613 3288
3614 3289
3615 3290
3616 3291
3617 3292
3618 3293
3619 3294
3620 3295
3621 3296
3622 3297
3623 3298
3624 3299
3625 3300
3628 3301
3629 3302
3630 3303
3631 3304
3632 3305
3633 3306
3634 3307
3635 3308
3636 3309
3637 3310
3638 3311
3639 3312
3640 3313
3641 3314
3642 3315
3643 3316
3645 3317
3646 3318
3647 3319
3648 3320
3649 3321
3650 3322
3651 3323
3652 3324
3653 3325
3654 3326
3655 3327
3656 3328
3657 3329
3658 3330
3659 3331
3660 3332
3661 3333
3662 3334
3663 3335
3664 3336
3665 3337
3666 3338
3667 3339
3668 3340
3669 3341
3670 3342
3671 3343
3673 3344
3674 3345
3675 3346
3676 3347
3677 3348
3678 3349
3679 3350
3680 3351
3681 3352
3682 3353
3683 3354
3684 3355
3685 3356
3686 3357
3687 3358
3688 3359
3689 3360
3690 3361
3691 3362
3692 3363
3693 3364
3694 3365
3695 3366
3696 3367
3697 3368
3698 3369
3700 3370
3701 3371
3702 3372
3703 3373
3704 3374
3705 3375
3706 3376
3707 3377
3708 3378
3709 3379
3711 3380
3712 3381
3713 3382
3714 3383
3715 3384
3717 3385
3718 3386
3719 3387
3720 3388
3722 3389
3723 3390
3724 3391
3725 3392
3726 3393
3727 3394
3728 3395
3729 3396
3730 3397
3731 3398
3733 3399
3735 3400
3737 3401
3742 3402
3743 3403
3744 3404
3745 3405
3746 3406
3747 3407
3748 3408
3749 3409
3750 3410
3751 3411
3752 3412
3753 3413
3754 3414
3755 3415
3757 3416
3758 3417
3759 3418
3760 3419
3761 3420
3762 3421
3763 3422
3764 3423
3765 3424
3766 3425
3767 3426
3769 3427
3770 3428
3771 3429
3772 3430
3774 3431
3775 3432
3776 3433
3777 3434
3779 3435
3780 3436
3781 3437
3782 3438
3783 3439
3784 3440
3785 3441
3786 3442
3787 3443
3788 3444
3791 3445
3792 3446
3794 3447
3795 3448
3796 3449
3797 3450
3798 3451
3799 3452
3800 3453
3801 3454
3802 3455
3803 3456
3804 3457
3805 3458
3806 3459
3807 3460
3808 3461
3809 3462
3810 3463
3811 3464
3812 3465
3813 3466
3814 3467
3815 3468
3816 3469
3817 3470
3819 3471
3821 3472
3822 3473
3823 3474
3824 3475
3825 3476
3827 3477
3829 3478
3830 3479
3832 3480
3833 3481
3834 3482
3835 3483
3836 3484
3837 3485
3839 3486
3840 3487
3841 3488
3842 3489
3843 3490
3844 3491
3845 3492
3847 3493
3848 3494
3849 3495
3850 3496
3851 3497
3854 3498
3855 3499
3856 3500
3858 3501
3862 3502
3863 3503
3864 3504
3865 3505
3867 3506
3869 3507
3870 3508
3871 3509
3872 3510
3873 3511
3875 3512
3876 3513
3877 3514
3878 3515
3880 3516
3881 3517
3882 3518
3883 3519
3885 3520
3886 3521
3887 3522
3888 3523
3889 3524
3890 3525
3891 3526
3892 3527
3893 3528
3894 3529
3895 3530
3896 3531
3897 3532
3898 3533
3900 3534
3901 3535
3902 3536
3903 3537
3904 3538
3905 3539
3906 3540
3907 3541
3908 3542
3909 3543
3910 3544
3911 3545
3912 3546
3914 3547
3916 3548
3917 3549
3918 3550
3919 3551
3920 3552
3921 3553
3922 3554
3923 3555
3924 3556
3925 3557
3926 3558
3927 3559
3928 3560
3929 3561
3930 3562
3931 3563
3932 3564
3933 3565
3935 3566
3936 3567
3937 3568
3939 3569
3941 3570
3942 3571
3943 3572
3944 3573
3945 3574
3946 3575
3947 3576
3948 3577
3949 3578
3952 3579
3953 3580
3954 3581
3955 3582
3956 3583
3957 3584
3958 3585
3959 3586
3960 3587
3961 3588
3962 3589
3963 3590
3964 3591
3965 3592
3966 3593
3967 3594
3968 3595
3969 3596
3970 3597
3971 3598
3973 3599
3974 3600
3976 3601
3977 3602
3978 3603
3979 3604
3980 3605
3981 3606
3982 3607
3983 3608
3984 3609
3985 3610
3986 3611
3987 3612
3989 3613
3990 3614
3991 3615
3992 3616
3995 3617
3997 3618
3998 3619
3999 3620
4000 3621
4001 3622
4005 3623
4006 3624
4007 3625
4008 3626
4009 3627
4010 3628
4011 3629
4012 3630
4013 3631
4014 3632
4015 3633
4016 3634
4019 3635
4020 3636
4021 3637
4023 3638
4024 3639
4025 3640
4026 3641
4027 3642
4028 3643
4030 3644
4031 3645
4034 3646
4035 3647
4036 3648
4037 3649
4038 3650
4039 3651
4040 3652
4041 3653
4042 3654
4043 3655
4044 3656
4045 3657
4046 3658
4047 3659
4048 3660
4049 3661
4050 3662
4051 3663
4053 3664
4055 3665
4056 3666
4057 3667
4058 3668
4059 3669
4061 3670
4062 3671
4063 3672
4064 3673
4065 3674
4066 3675
4067 3676
4068 3677
4069 3678
4070 3679
4071 3680
4072 3681
4073 3682
4074 3683
4075 3684
4076 3685
4077 3686
4078 3687
4079 3688
4080 3689
4082 3690
4083 3691
4085 3692
4086 3693
4088 3694
4089 3695
4090 3696
4091 3697
4092 3698
4093 3699
4095 3700
4096 3701
4097 3702
4098 3703
4099 3704
4100 3705
4103 3706
4104 3707
4105 3708
4106 3709
4107 3710
4108 3711
4109 3712
4110 3713
4111 3714
4116 3715
4117 3716
4119 3717
4120 3718
4121 3719
4122 3720
4123 3721
4124 3722
4125 3723
4126 3724
4127 3725
4128 3726
4129 3727
4130 3728
4131 3729
4132 3730
4133 3731
4134 3732
4135 3733
4136 3734
4137 3735
4138 3736
4139 3737
4140 3738
4141 3739
4142 3740
4143 3741
4144 3742
4145 3743
4146 3744
4147 3745
4148 3746
4149 3747
4150 3748
4151 3749
4152 3750
4153 3751
4154 3752
4155 3753
4159 3754
4162 3755
4163 3756
4164 3757
4165 3758
4166 3759
4167 3760
4168 3761
4169 3762
4170 3763
4171 3764
4173 3765
4174 3766
4175 3767
4176 3768
4177 3769
4178 3770
4179 3771
4180 3772
4181 3773
4183 3774
4184 3775
4185 3776
4186 3777
4187 3778
4188 3779
4189 3780
4190 3781
4191 3782
4192 3783
4194 3784
4195 3785
4197 3786
4198 3787
4199 3788
4200 3789
4201 3790
4202 3791
4203 3792
4204 3793
4205 3794
4206 3795
4207 3796
4208 3797
4209 3798
4210 3799
4211 3800
4212 3801
4213 3802
4214 3803
4215 3804
4216 3805
4217 3806
4218 3807
4219 3808
4220 3809
4221 3810
4222 3811
4223 3812
4224 3813
4225 3814
4228 3815
4229 3816
4231 3817
4232 3818
4233 3819
4234 3820
4235 3821
4236 3822
4237 3823
4238 3824
4240 3825
4241 3826
4242 3827
4243 3828
4244 3829
4245 3830
4246 3831
4247 3832
4248 3833
4249 3834
4250 3835
4251 3836
4252 3837
4254 3838
4255 3839
4256 3840
4257 3841
4259 3842
4260 3843
4261 3844
4263 3845
4264 3846
4265 3847
4266 3848
4267 3849
4269 3850
4272 3851
4273 3852
4274 3853
4275 3854
4276 3855
4277 3856
4278 3857
4279 3858
4280 3859
4282 3860
4283 3861
4284 3862
4285 3863
4289 3864
4290 3865
4291 3866
4292 3867
4295 3868
4296 3869
4297 3870
4298 3871
4299 3872
4303 3873
4304 3874
4305 3875
4306 3876
4307 3877
4308 3878
4310 3879
4311 3880
4312 3881
4313 3882
4314 3883
4315 3884
4316 3885
4317 3886
4318 3887
4319 3888
4320 3889
4321 3890
4322 3891
4323 3892
4324 3893
4325 3894
4326 3895
4327 3896
4328 3897
4329 3898
4331 3899
4332 3900
4333 3901
4334 3902
4335 3903
4336 3904
4337 3905
4338 3906
4340 3907
4341 3908
4342 3909
4343 3910
4344 3911
4345 3912
4346 3913
4347 3914
4348 3915
4349 3916
4351 3917
4352 3918
4353 3919
4354 3920
4355 3921
4357 3922
4358 3923
4359 3924
4360 3925
4361 3926
4362 3927
4363 3928
4364 3929
4365 3930
4366 3931
4368 3932
4369 3933
4370 3934
4371 3935
4372 3936
4373 3937
4375 3938
4377 3939
4378 3940
4379 3941
4380 3942
4381 3943
4382 3944
4383 3945
4384 3946
4385 3947
4386 3948
4389 3949
4393 3950
4394 3951
4395 3952
4396 3953
4397 3954
4398 3955
4399 3956
4400 3957
4401 3958
4402 3959
4403 3960
4404 3961
4405 3962
4406 3963
4407 3964
4408 3965
4409 3966
4411 3967
4412 3968
4413 3969
4414 3970
4415 3971
4416 3972
4417 3973
4418 3974
4422 3975
4423 3976
4424 3977
4425 3978
4426 3979
4427 3980
4428 3981
4429 3982
4430 3983
4431 3984
4432 3985
4433 3986
4434 3987
4435 3988
4436 3989
4437 3990
4438 3991
4439 3992
4440 3993
4441 3994
4442 3995
4443 3996
4444 3997
4445 3998
4446 3999
4447 4000
4448 4001
4449 4002
4450 4003
4451 4004
4452 4005
4453 4006
4454 4007
4455 4008
4456 4009
4457 4010
4458 4011
4459 4012
4460 4013
4461 4014
4462 4015
4463 4016
4464 4017
4465 4018
4466 4019
4467 4020
4468 4021
4469 4022
4470 4023
4471 4024
4473 4025
4474 4026
4475 4027
4476 4028
4477 4029
4478 4030
4479 4031
4480 4032
4481 4033
4482 4034
4483 4035
4485 4036
4486 4037
4487 4038
4488 4039
4489 4040
4490 4041
4491 4042
4492 4043
4493 4044
4494 4045
4495 4046
4496 4047
4497 4048
4498 4049
4500 4050
4502 4051
4503 4052
4504 4053
4507 4054
4508 4055
4509 4056
4510 4057
4511 4058
4516 4059
4521 4060
4523 4061
4524 4062
4526 4063
4527 4064
4528 4065
4529 4066
4530 4067
4531 4068
4532 4069
4533 4070
4534 4071
4535 4072
4536 4073
4538 4074
4539 4075
4540 4076
4541 4077
4542 4078
4543 4079
4544 4080
4545 4081
4547 4082
4550 4083
4551 4084
4552 4085
4553 4086
4554 4087
4555 4088
4556 4089
4557 4090
4558 4091
4560 4092
4561 4093
4562 4094
4563 4095
4564 4096
4565 4097
4566 4098
4567 4099
4568 4100
4569 4101
4574 4102
4575 4103
4576 4104
4577 4105
4578 4106
4580 4107
4581 4108
4582 4109
4583 4110
4584 4111
4586 4112
4587 4113
4588 4114
4591 4115
4592 4116
4593 4117
4594 4118
4595 4119
4596 4120
4597 4121
4598 4122
4599 4123
4600 4124
4601 4125
4602 4126
4603 4127
4604 4128
4605 4129
4607 4130
4608 4131
4609 4132
4611 4133
4612 4134
4613 4135
4615 4136
4616 4137
4617 4138
4618 4139
4619 4140
4620 4141
4621 4142
4622 4143
4623 4144
4624 4145
4625 4146
4626 4147
4627 4148
4629 4149
4630 4150
4631 4151
4632 4152
4633 4153
4635 4154
4636 4155
4638 4156
4639 4157
4640 4158
4641 4159
4644 4160
4645 4161
4646 4162
4647 4163
4648 4164
4649 4165
4650 4166
4651 4167
4652 4168
4653 4169
4654 4170
4655 4171
4658 4172
4659 4173
4660 4174
4661 4175
4662 4176
4663 4177
4664 4178
4665 4179
4666 4180
4667 4181
4668 4182
4669 4183
4670 4184
4671 4185
4672 4186
4673 4187
4674 4188
4675 4189
4677 4190
4678 4191
4681 4192
4682 4193
4683 4194
4684 4195
4686 4196
4687 4197
4688 4198
4689 4199
4692 4200
4693 4201
4694 4202
4695 4203
4696 4204
4697 4205
4698 4206
4699 4207
4700 4208
4701 4209
4702 4210
4703 4211
4704 4212
4705 4213
4706 4214
4707 4215
4708 4216
4709 4217
4710 4218
4711 4219
4712 4220
4713 4221
4714 4222
4715 4223
4716 4224
4717 4225
4718 4226
4719 4227
4720 4228
4721 4229
4723 4230
4725 4231
4726 4232
4727 4233
4728 4234
4733 4235
4735 4236
4736 4237
4737 4238
4738 4239
4739 4240
4740 4241
4741 4242
4742 4243
4743 4244
4744 4245
4745 4246
4746 4247
4748 4248
4749 4249
4750 4250
4751 4251
4752 4252
4753 4253
4754 4254
4755 4255
4756 4256
4757 4257
4759 4258
4760 4259
4761 4260
4762 4261
4763 4262
4764 4263
4765 4264
4766 4265
4767 4266
4771 4267
4773 4268
4774 4269
4776 4270
4777 4271
4778 4272
4779 4273
4780 4274
4781 4275
4782 4276
4783 4277
4785 4278
4786 4279
4787 4280
4788 4281
4789 4282
4790 4283
4791 4284
4792 4285
4793 4286
4794 4287
4795 4288
4796 4289
4797 4290
4798 4291
4799 4292
4800 4293
4801 4294
4803 4295
4804 4296
4805 4297
4806 4298
4807 4299
4808 4300
4809 4301
4810 4302
4811 4303
4813 4304
4814 4305
4815 4306
4816 4307
4817 4308
4818 4309
4819 4310
4820 4311
4821 4312
4822 4313
4823 4314
4824 4315
4825 4316
4826 4317
4827 4318
4828 4319
4829 4320
4830 4321
4831 4322
4832 4323
4833 4324
4834 4325
4835 4326
4836 4327
4837 4328
4838 4329
4839 4330
4840 4331
4841 4332
4842 4333
4843 4334
4844 4335
4845 4336
4846 4337
4847 4338
4848 4339
4849 4340
4850 4341
4851 4342
4852 4343
4853 4344
4854 4345
4855 4346
4856 4347
4857 4348
4858 4349
4859 4350
4860 4351
4861 4352
4862 4353
4863 4354
4864 4355
4866 4356
4867 4357
4868 4358
4869 4359
4870 4360
4871 4361
4872 4362
4873 4363
4874 4364
4875 4365
4876 4366
4879 4367
4880 4368
4881 4369
4882 4370
4883 4371
4884 4372
4885 4373
4886 4374
4887 4375
4889 4376
4890 4377
4891 4378
4893 4379
4894 4380
4896 4381
4897 4382
4898 4383
4899 4384
4900 4385
4901 4386
4903 4387
4904 4388
4905 4389
4906 4390
4908 4391
4909 4392
4910 4393
4911 4394
4912 4395
4913 4396
4914 4397
4915 4398
4916 4399
4917 4400
4918 4401
4919 4402
4920 4403
4921 4404
4922 4405
4923 4406
4924 4407
4925 4408
4926 4409
4927 4410
4929 4411
4931 4412
4932 4413
4933 4414
4934 4415
4935 4416
4936 4417
4937 4418
4938 4419
4940 4420
4942 4421
4943 4422
4944 4423
4945 4424
4946 4425
4947 4426
4948 4427
4950 4428
4951 4429
4952 4430
4953 4431
4954 4432
4957 4433
4960 4434
4962 4435
4963 4436
4964 4437
4965 4438
4966 4439
4967 4440
4969 4441
4970 4442
4971 4443
4972 4444
4973 4445
4974 4446
4975 4447
4976 4448
4977 4449
4978 4450
4979 4451
4980 4452
4981 4453
4982 4454
4983 4455
4985 4456
4986 4457
4987 4458
4988 4459
4989 4460
4991 4461
4992 4462
4993 4463
4994 4464
4995 4465
4996 4466
4999 4467
5000 4468
5001 4469
5002 4470
5003 4471
5005 4472
5006 4473
5008 4474
5009 4475
5010 4476
5011 4477
5012 4478
5013 4479
5015 4480
5016 4481
5017 4482
5018 4483
5019 4484
5020 4485
5022 4486
5024 4487
5026 4488
5028 4489
5029 4490
5031 4491
5032 4492
5033 4493
5035 4494
5036 4495
5037 4496
5038 4497
5039 4498
5040 4499
5043 4500
5044 4501
5045 4502
5046 4503
5047 4504
5048 4505
5050 4506
5051 4507
5052 4508
5053 4509
5054 4510
5055 4511
5057 4512
5058 4513
5059 4514
5060 4515
5061 4516
5062 4517
5063 4518
5064 4519
5065 4520
5067 4521
5068 4522
5069 4523
5070 4524
5071 4525
5072 4526
5073 4527
5075 4528
5077 4529
5078 4530
5079 4531
5080 4532
5081 4533
5083 4534
5084 4535
5085 4536
5086 4537
5087 4538
5088 4539
5089 4540
5090 4541
5091 4542
5092 4543
5093 4544
5095 4545
5096 4546
5097 4547
5098 4548
5099 4549
5100 4550
5102 4551
5103 4552
5104 4553
5105 4554
5106 4555
5109 4556
5110 4557
5111 4558
5112 4559
5114 4560
5115 4561
5116 4562
5117 4563
5118 4564
5119 4565
5120 4566
5121 4567
5122 4568
5123 4569
5124 4570
5125 4571
5126 4572
5127 4573
5128 4574
5129 4575
5130 4576
5132 4577
5133 4578
5135 4579
5136 4580
5138 4581
5139 4582
5140 4583
5141 4584
5142 4585
5143 4586
5144 4587
5145 4588
5146 4589
5148 4590
5150 4591
5151 4592
5152 4593
5153 4594
5154 4595
5155 4596
5158 4597
5159 4598
5160 4599
5161 4600
5162 4601
5163 4602
5164 4603
5166 4604
5167 4605
5171 4606
5172 4607
5173 4608
5174 4609
5175 4610
5176 4611
5177 4612
5178 4613
5179 4614
5180 4615
5181 4616
5182 4617
5183 4618
5184 4619
5185 4620
5186 4621
5187 4622
5188 4623
5189 4624
5190 4625
5191 4626
5192 4627
5193 4628
5194 4629
5195 4630
5196 4631
5197 4632
5198 4633
5199 4634
5200 4635
5201 4636
5202 4637
5203 4638
5204 4639
5207 4640
5208 4641
5209 4642
5210 4643
5213 4644
5214 4645
5215 4646
5216 4647
5217 4648
5218 4649
5219 4650
5220 4651
5221 4652
5222 4653
5224 4654
5225 4655
5226 4656
5227 4657
5228 4658
5229 4659
5230 4660
5231 4661
5232 4662
5233 4663
5238 4664
5239 4665
5240 4666
5241 4667
5242 4668
5243 4669
5244 4670
5245 4671
5246 4672
5247 4673
5248 4674
5249 4675
5250 4676
5251 4677
5252 4678
5253 4679
5254 4680
5255 4681
5260 4682
5261 4683
5262 4684
5263 4685
5264 4686
5265 4687
5267 4688
5269 4689
5271 4690
5273 4691
5274 4692
5275 4693
5276 4694
5277 4695
5278 4696
5280 4697
5281 4698
5282 4699
5283 4700
5284 4701
5285 4702
5286 4703
5287 4704
5288 4705
5289 4706
5290 4707
5291 4708
5294 4709
5295 4710
5296 4711
5298 4712
5299 4713
5300 4714
5301 4715
5303 4716
5305 4717
5306 4718
5308 4719
5309 4720
5310 4721
5311 4722
5312 4723
5313 4724
5314 4725
5315 4726
5316 4727
5317 4728
5320 4729
5321 4730
5322 4731
5323 4732
5324 4733
5326 4734
5327 4735
5328 4736
5329 4737
5330 4738
5332 4739
5333 4740
5334 4741
5335 4742
5336 4743
5337 4744
5339 4745
5341 4746
5342 4747
5343 4748
5344 4749
5345 4750
5346 4751
5347 4752
5348 4753
5350 4754
5351 4755
5352 4756
5353 4757
5354 4758
5355 4759
5356 4760
5357 4761
5358 4762
5360 4763
5361 4764
5362 4765
5363 4766
5364 4767
5365 4768
5366 4769
5367 4770
5368 4771
5370 4772
5371 4773
5372 4774
5373 4775
5374 4776
5375 4777
5376 4778
5377 4779
5378 4780
5380 4781
5381 4782
5382 4783
5384 4784
5385 4785
5386 4786
5387 4787
5388 4788
5390 4789
5391 4790
5392 4791
5393 4792
5395 4793
5396 4794
5397 4795
5398 4796
5399 4797
5400 4798
5401 4799
5404 4800
5405 4801
5406 4802
5410 4803
5412 4804
5413 4805
5414 4806
5415 4807
5416 4808
5417 4809
5418 4810
5419 4811
5421 4812
5422 4813
5423 4814
5424 4815
5426 4816
5427 4817
5428 4818
5429 4819
5430 4820
5431 4821
5432 4822
5434 4823
5435 4824
5436 4825
5437 4826
5438 4827
5439 4828
5440 4829
5442 4830
5445 4831
5446 4832
5447 4833
5448 4834
5449 4835
5452 4836
5454 4837
5455 4838
5456 4839
5457 4840
5459 4841
5460 4842
5461 4843
5462 4844
5463 4845
5465 4846
5466 4847
5467 4848
5468 4849
5469 4850
5470 4851
5471 4852
5472 4853
5473 4854
5474 4855
5475 4856
5476 4857
5477 4858
5478 4859
5479 4860
5480 4861
5481 4862
5482 4863
5483 4864
5484 4865
5485 4866
5486 4867
5487 4868
5488 4869
5489 4870
5490 4871
5491 4872
5494 4873
5495 4874
5496 4875
5497 4876
5499 4877
5500 4878
5501 4879
5503 4880
5504 4881
5505 4882
5506 4883
5507 4884
5508 4885
5509 4886
5510 4887
5511 4888
5512 4889
5513 4890
5514 4891
5515 4892
5516 4893
5517 4894
5518 4895
5519 4896
5520 4897
5521 4898
5522 4899
5523 4900
5524 4901
5525 4902
5526 4903
5527 4904
5528 4905
5529 4906
5530 4907
5531 4908
5532 4909
5533 4910
5534 4911
5535 4912
5536 4913
5537 4914
5539 4915
5540 4916
5541 4917
5542 4918
5543 4919
5544 4920
5545 4921
5548 4922
5549 4923
5550 4924
5551 4925
5552 4926
5553 4927
5554 4928
5555 4929
5558 4930
5559 4931
5561 4932
5562 4933
5563 4934
5564 4935
5565 4936
5566 4937
5567 4938
5568 4939
5569 4940
5570 4941
5571 4942
5572 4943
5573 4944
5576 4945
5577 4946
5578 4947
5579 4948
5580 4949
5581 4950
5582 4951
5583 4952
5584 4953
5587 4954
5588 4955
5589 4956
5590 4957
5591 4958
5592 4959
5594 4960
5595 4961
5596 4962
5598 4963
5599 4964
5600 4965
5601 4966
5602 4967
5603 4968
5604 4969
5605 4970
5606 4971
5607 4972
5608 4973
5609 4974
5610 4975
5611 4976
5612 4977
5613 4978
5614 4979
5615 4980
5616 4981
5617 4982
5620 4983
5622 4984
5623 4985
5624 4986
5625 4987
5626 4988
5627 4989
5628 4990
5629 4991
5630 4992
5631 4993
5633 4994
5635 4995
5636 4996
5637 4997
5638 4998
5639 4999
5640 5000
5643 5001
5644 5002
5645 5003
5646 5004
5647 5005
5648 5006
5649 5007
5650 5008
5651 5009
5652 5010
5653 5011
5655 5012
5656 5013
5657 5014
5658 5015
5659 5016
5660 5017
5661 5018
5662 5019
5663 5020
5664 5021
5665 5022
5666 5023
5667 5024
5668 5025
5669 5026
5670 5027
5671 5028
5673 5029
5674 5030
5675 5031
5676 5032
5678 5033
5679 5034
5680 5035
5682 5036
5683 5037
5684 5038
5685 5039
5686 5040
5687 5041
5688 5042
5689 5043
5690 5044
5691 5045
5692 5046
5693 5047
5694 5048
5695 5049
5696 5050
5697 5051
5698 5052
5702 5053
5703 5054
5704 5055
5705 5056
5706 5057
5707 5058
5708 5059
5709 5060
5710 5061
5711 5062
5712 5063
5713 5064
5714 5065
5717 5066
5718 5067
5720 5068
5721 5069
5722 5070
5726 5071
5729 5072
5730 5073
5731 5074
5732 5075
5733 5076
5735 5077
5737 5078
5738 5079
5739 5080
5740 5081
5741 5082
5743 5083
5744 5084
5745 5085
5746 5086
5747 5087
5748 5088
5749 5089
5750 5090
5751 5091
5752 5092
5753 5093
5754 5094
5755 5095
5756 5096
5757 5097
5760 5098
5761 5099
5763 5100
5764 5101
5765 5102
5766 5103
5767 5104
5768 5105
5769 5106
5770 5107
5771 5108
5772 5109
5773 5110
5774 5111
5775 5112
5776 5113
5778 5114
5780 5115
5781 5116
5782 5117
5783 5118
5784 5119
5785 5120
5786 5121
5787 5122
5788 5123
5789 5124
5790 5125
5792 5126
5793 5127
5794 5128
5796 5129
5797 5130
5798 5131
5799 5132
5800 5133
5801 5134
5802 5135
5803 5136
5804 5137
5805 5138
5806 5139
5807 5140
5808 5141
5809 5142
5810 5143
5811 5144
5812 5145
5813 5146
5814 5147
5815 5148
5816 5149
5817 5150
5818 5151
5819 5152
5820 5153
5821 5154
5822 5155
5823 5156
5824 5157
5827 5158
5828 5159
5829 5160
5830 5161
5832 5162
5833 5163
5834 5164
5835 5165
5836 5166
5837 5167
5838 5168
5839 5169
5840 5170
5841 5171
5842 5172
5844 5173
5846 5174
5848 5175
5850 5176
5852 5177
5853 5178
5854 5179
5855 5180
5856 5181
5857 5182
5859 5183
5860 5184
5861 5185
5862 5186
5863 5187
5864 5188
5866 5189
5868 5190
5871 5191
5872 5192
5873 5193
5874 5194
5875 5195
5876 5196
5877 5197
5878 5198
5880 5199
5882 5200
5883 5201
5884 5202
5885 5203
5886 5204
5887 5205
5888 5206
5889 5207
5890 5208
5891 5209
5892 5210
5895 5211
5896 5212
5897 5213
5899 5214
5902 5215
5903 5216
5907 5217
5908 5218
5909 5219
5910 5220
5911 5221
5913 5222
5914 5223
5915 5224
5916 5225
5917 5226
5919 5227
5920 5228
5921 5229
5922 5230
5923 5231
5924 5232
5925 5233
5926 5234
5927 5235
5928 5236
5930 5237
5931 5238
5932 5239
5933 5240
5934 5241
5935 5242
5936 5243
5937 5244
5938 5245
5939 5246
5940 5247
5941 5248
5942 5249
5943 5250
5944 5251
5945 5252
5946 5253
5947 5254
5949 5255
5950 5256
5952 5257
5955 5258
5956 5259
5958 5260
5959 5261
5960 5262
5961 5263
5962 5264
5963 5265
5964 5266
5965 5267
5966 5268
5967 5269
5969 5270
5970 5271
5971 5272
5972 5273
5973 5274
5977 5275
5978 5276
5980 5277
5981 5278
5982 5279
5983 5280
5984 5281
5985 5282
5986 5283
5987 5284
5988 5285
5989 5286
5990 5287
5991 5288
5992 5289
5993 5290
5994 5291
5995 5292
5997 5293
5998 5294
5999 5295
6000 5296
6001 5297
6002 5298
6003 5299
6004 5300
6005 5301
6006 5302
6007 5303
6009 5304
6010 5305
6013 5306
6014 5307
6015 5308
6016 5309
6017 5310
6018 5311
6019 5312
6020 5313
6021 5314
6022 5315
6023 5316
6024 5317
6025 5318
6026 5319
6027 5320
6028 5321
6029 5322
6030 5323
6031 5324
6032 5325
6033 5326
6034 5327
6035 5328
6036 5329
6037 5330
6038 5331
6039 5332
6041 5333
6042 5334
6043 5335
6044 5336
6045 5337
6046 5338
6047 5339
6048 5340
6049 5341
6050 5342
6051 5343
6052 5344
6053 5345
6054 5346
6055 5347
6056 5348
6057 5349
6058 5350
6059 5351
6060 5352
6061 5353
6062 5354
6063 5355
6064 5356
6066 5357
6067 5358
6068 5359
6069 5360
6070 5361
6071 5362
6072 5363
6073 5364
6074 5365
6075 5366
6077 5367
6078 5368
6079 5369
6080 5370
6081 5371
6082 5372
6083 5373
6088 5374
6089 5375
6090 5376
6091 5377
6092 5378
6093 5379
6094 5380
6096 5381
6097 5382
6098 5383
6100 5384
6101 5385
6105 5386
6106 5387
6107 5388
6108 5389
6109 5390
6110 5391
6111 5392
6112 5393
6113 5394
6114 5395
6116 5396
6118 5397
6119 5398
6120 5399
6121 5400
6123 5401
6124 5402
6126 5403
6127 5404
6128 5405
6129 5406
6130 5407
6132 5408
6133 5409
6134 5410
6135 5411
6139 5412
6141 5413
6142 5414
6143 5415
6144 5416
6145 5417
6146 5418
6147 5419
6148 5420
6149 5421
6150 5422
6151 5423
6152 5424
6153 5425
6155 5426
6156 5427
6157 5428
6158 5429
6160 5430
6161 5431
6162 5432
6164 5433
6165 5434
6166 5435
6168 5436
6169 5437
6170 5438
6174 5439
6175 5440
6176 5441
6177 5442
6178 5443
6179 5444
6180 5445
6181 5446
6182 5447
6183 5448
6184 5449
6185 5450
6186 5451
6187 5452
6188 5453
6190 5454
6191 5455
6192 5456
6193 5457
6196 5458
6197 5459
6198 5460
6199 5461
6200 5462
6201 5463
6202 5464
6203 5465
6204 5466
6205 5467
6206 5468
6207 5469
6208 5470
6212 5471
6213 5472
6214 5473
6215 5474
6216 5475
6217 5476
6218 5477
6219 5478
6220 5479
6221 5480
6222 5481
6223 5482
6224 5483
6225 5484
6226 5485
6227 5486
6228 5487
6229 5488
6230 5489
6232 5490
6235 5491
6236 5492
6239 5493
6240 5494
6241 5495
6242 5496
6243 5497
6244 5498
6245 5499
6246 5500
6247 5501
6248 5502
6251 5503
6252 5504
6253 5505
6254 5506
6255 5507
6257 5508
6258 5509
6259 5510
6261 5511
6262 5512
6263 5513
6264 5514
6265 5515
6266 5516
6267 5517
6269 5518
6270 5519
6271 5520
6272 5521
6273 5522
6274 5523
6275 5524
6276 5525
6278 5526
6279 5527
6280 5528
6281 5529
6282 5530
6286 5531
6287 5532
6288 5533
6291 5534
6292 5535
6293 5536
6294 5537
6295 5538
6296 5539
6297 5540
6298 5541
6299 5542
6301 5543
6302 5544
6304 5545
6305 5546
6306 5547
6307 5548
6311 5549
6312 5550
6313 5551
6314 5552
6315 5553
6316 5554
6317 5555
6319 5556
6320 5557
6321 5558
6323 5559
6324 5560
6325 5561
6326 5562
6327 5563
6328 5564
6330 5565
6331 5566
6332 5567
6333 5568
6334 5569
6337 5570
6339 5571
6340 5572
6344 5573
6346 5574
6347 5575
6348 5576
6349 5577
6350 5578
6351 5579
6355 5580
6356 5581
6359 5582
6360 5583
6366 5584
6367 5585
6371 5586
6374 5587
6375 5588
6376 5589
6377 5590
6378 5591
6379 5592
6380 5593
6381 5594
6383 5595
6387 5596
6388 5597
6389 5598
6391 5599
6392 5600
6393 5601
6394 5602
6395 5603
6396 5604
6397 5605
6398 5606
6399 5607
6400 5608
6406 5609
6407 5610
6408 5611
6409 5612
6410 5613
6411 5614
6412 5615
6413 5616
6414 5617
6415 5618
6416 5619
6417 5620
6421 5621
6422 5622
6423 5623
6424 5624
6426 5625
6427 5626
6428 5627
6429 5628
6430 5629
6431 5630
6432 5631
6435 5632
6436 5633
6437 5634
6439 5635
6440 5636
6441 5637
6442 5638
6443 5639
6444 5640
6445 5641
6446 5642
6447 5643
6448 5644
6450 5645
6451 5646
6452 5647
6453 5648
6454 5649
6455 5650
6456 5651
6457 5652
6458 5653
6459 5654
6460 5655
6461 5656
6462 5657
6464 5658
6466 5659
6467 5660
6468 5661
6469 5662
6470 5663
6471 5664
6472 5665
6474 5666
6475 5667
6477 5668
6478 5669
6479 5670
6480 5671
6481 5672
6483 5673
6484 5674
6485 5675
6486 5676
6487 5677
6488 5678
6489 5679
6490 5680
6491 5681
6492 5682
6493 5683
6494 5684
6495 5685
6496 5686
6497 5687
6498 5688
6500 5689
6501 5690
6502 5691
6503 5692
6504 5693
6505 5694
6506 5695
6507 5696
6508 5697
6509 5698
6510 5699
6511 5700
6513 5701
6514 5702
6515 5703
6516 5704
6517 5705
6518 5706
6519 5707
6520 5708
6521 5709
6522 5710
6523 5711
6524 5712
6525 5713
6526 5714
6527 5715
6528 5716
6529 5717
6530 5718
6532 5719
6533 5720
6534 5721
6535 5722
6536 5723
6537 5724
6538 5725
6539 5726
6541 5727
6542 5728
6543 5729
6544 5730
6545 5731
6546 5732
6547 5733
6548 5734
6550 5735
6551 5736
6552 5737
6553 5738
6554 5739
6555 5740
6560 5741
6561 5742
6563 5743
6565 5744
6566 5745
6567 5746
6568 5747
6570 5748
6571 5749
6572 5750
6573 5751
6574 5752
6575 5753
6576 5754
6577 5755
6578 5756
6579 5757
6580 5758
6581 5759
6582 5760
6583 5761
6584 5762
6585 5763
6586 5764
6587 5765
6588 5766
6589 5767
6590 5768
6592 5769
6594 5770
6595 5771
6596 5772
6598 5773
6599 5774
6600 5775
6601 5776
6602 5777
6603 5778
6604 5779
6605 5780
6606 5781
6607 5782
6608 5783
6609 5784
6611 5785
6612 5786
6613 5787
6614 5788
6615 5789
6616 5790
6617 5791
6618 5792
6619 5793
6620 5794
6621 5795
6622 5796
6623 5797
6624 5798
6625 5799
6626 5800
6627 5801
6628 5802
6630 5803
6632 5804
6633 5805
6634 5806
6635 5807
6636 5808
6638 5809
6639 5810
6641 5811
6643 5812
6644 5813
6645 5814
6646 5815
6647 5816
6648 5817
6649 5818
6650 5819
6651 5820
6652 5821
6653 5822
6654 5823
6655 5824
6656 5825
6657 5826
6658 5827
6660 5828
6661 5829
6663 5830
6665 5831
6666 5832
6668 5833
6670 5834
6671 5835
6672 5836
6673 5837
6674 5838
6675 5839
6676 5840
6677 5841
6678 5842
6679 5843
6680 5844
6681 5845
6682 5846
6683 5847
6684 5848
6685 5849
6686 5850
6687 5851
6688 5852
6689 5853
6690 5854
6691 5855
6692 5856
6695 5857
6696 5858
6697 5859
6698 5860
6699 5861
6700 5862
6701 5863
6702 5864
6703 5865
6705 5866
6706 5867
6707 5868
6709 5869
6710 5870
6711 5871
6712 5872
6713 5873
6714 5874
6715 5875
6717 5876
6718 5877
6719 5878
6720 5879
6721 5880
6723 5881
6724 5882
6725 5883
6726 5884
6727 5885
6728 5886
6729 5887
6730 5888
6731 5889
6732 5890
6734 5891
6735 5892
6736 5893
6737 5894
6738 5895
6739 5896
6744 5897
6745 5898
6746 5899
6747 5900
6749 5901
6751 5902
6752 5903
6753 5904
6755 5905
6756 5906
6757 5907
6758 5908
6759 5909
6760 5910
6761 5911
6762 5912
6764 5913
6765 5914
6766 5915
6767 5916
6768 5917
6769 5918
6770 5919
6771 5920
6772 5921
6773 5922
6774 5923
6775 5924
6776 5925
6777 5926
6778 5927
6779 5928
6780 5929
6781 5930
6782 5931
6783 5932
6784 5933
6787 5934
6788 5935
6789 5936
6790 5937
6791 5938
6793 5939
6794 5940
6795 5941
6797 5942
6798 5943
6800 5944
6801 5945
6802 5946
6803 5947
6804 5948
6805 5949
6806 5950
6807 5951
6808 5952
6809 5953
6810 5954
6811 5955
6812 5956
6813 5957
6815 5958
6816 5959
6818 5960
6819 5961
6821 5962
6822 5963
6824 5964
6826 5965
6828 5966
6829 5967
6832 5968
6833 5969
6834 5970
6835 5971
6836 5972
6837 5973
6840 5974
6841 5975
6842 5976
6843 5977
6844 5978
6845 5979
6846 5980
6847 5981
6848 5982
6850 5983
6852 5984
6854 5985
6855 5986
6856 5987
6858 5988
6859 5989
6860 5990
6861 5991
6862 5992
6863 5993
6864 5994
6865 5995
6866 5996
6867 5997
6869 5998
6870 5999
6871 6000
6873 6001
6875 6002
6876 6003
6877 6004
6878 6005
6880 6006
6881 6007
6883 6008
6884 6009
6885 6010
6886 6011
6889 6012
6890 6013
6892 6014
6895 6015
6896 6016
6897 6017
6899 6018
6900 6019
6901 6020
6902 6021
6903 6022
6904 6023
6905 6024
6906 6025
6907 6026
6908 6027
6909 6028
6910 6029
6911 6030
6912 6031
6913 6032
6914 6033
6915 6034
6916 6035
6917 6036
6918 6037
6920 6038
6921 6039
6922 6040
6923 6041
6924 6042
6926 6043
6927 6044
6928 6045
6929 6046
6930 6047
6933 6048
6934 6049
6935 6050
6936 6051
6938 6052
6940 6053
6941 6054
6942 6055
6943 6056
6945 6057
6946 6058
6947 6059
6948 6060
6949 6061
6950 6062
6951 6063
6953 6064
6954 6065
6955 6066
6958 6067
6959 6068
6960 6069
6961 6070
6962 6071
6963 6072
6965 6073
6967 6074
6968 6075
6969 6076
6971 6077
6972 6078
6974 6079
6975 6080
6976 6081
6978 6082
6979 6083
6980 6084
6981 6085
6982 6086
6983 6087
6984 6088
6985 6089
6986 6090
6987 6091
6990 6092
6991 6093
6993 6094
6994 6095
6995 6096
6996 6097
6997 6098
6998 6099
6999 6100
7000 6101
7001 6102
7002 6103
7003 6104
7004 6105
7005 6106
7006 6107
7007 6108
7008 6109
7009 6110
7010 6111
7011 6112
7012 6113
7013 6114
7014 6115
7015 6116
7016 6117
7017 6118
7018 6119
7019 6120
7020 6121
7021 6122
7022 6123
7023 6124
7024 6125
7025 6126
7026 6127
7027 6128
7028 6129
7029 6130
7030 6131
7031 6132
7032 6133
7033 6134
7034 6135
7035 6136
7036 6137
7037 6138
7038 6139
7040 6140
7041 6141
7042 6142
7043 6143
7044 6144
7045 6145
7046 6146
7047 6147
7048 6148
7049 6149
7050 6150
7051 6151
7052 6152
7053 6153
7054 6154
7055 6155
7056 6156
7057 6157
7059 6158
7060 6159
7061 6160
7062 6161
7063 6162
7064 6163
7065 6164
7070 6165
7071 6166
7072 6167
7073 6168
7074 6169
7079 6170
7080 6171
7082 6172
7084 6173
7085 6174
7086 6175
7087 6176
7088 6177
7089 6178
7090 6179
7092 6180
7094 6181
7095 6182
7096 6183
7098 6184
7099 6185
7100 6186
7101 6187
7103 6188
7104 6189
7106 6190
7107 6191
7108 6192
7109 6193
7110 6194
7111 6195
7112 6196
7113 6197
7114 6198
7115 6199
7116 6200
7117 6201
7118 6202
7119 6203
7120 6204
7121 6205
7122 6206
7123 6207
7124 6208
7125 6209
7126 6210
7127 6211
7128 6212
7129 6213
7130 6214
7131 6215
7132 6216
7133 6217
7134 6218
7135 6219
7136 6220
7137 6221
7138 6222
7139 6223
7140 6224
7142 6225
7143 6226
7144 6227
7145 6228
7146 6229
7149 6230
7150 6231
7151 6232
7153 6233
7154 6234
7155 6235
7156 6236
7157 6237
7158 6238
7159 6239
7160 6240
7161 6241
7162 6242
7163 6243
7164 6244
7165 6245
7166 6246
7167 6247
7168 6248
7170 6249
7171 6250
7172 6251
7173 6252
7174 6253
7175 6254
7176 6255
7177 6256
7178 6257
7179 6258
7180 6259
7181 6260
7183 6261
7184 6262
7185 6263
7186 6264
7187 6265
7188 6266
7189 6267
7190 6268
7191 6269
7192 6270
7193 6271
7194 6272
7195 6273
7197 6274
7198 6275
7199 6276
7201 6277
7203 6278
7204 6279
7205 6280
7206 6281
7210 6282
7211 6283
7212 6284
7214 6285
7215 6286
7217 6287
7218 6288
7219 6289
7220 6290
7221 6291
7222 6292
7223 6293
7225 6294
7226 6295
7227 6296
7228 6297
7229 6298
7230 6299
7231 6300
7232 6301
7233 6302
7234 6303
7235 6304
7236 6305
7237 6306
7238 6307
7239 6308
7240 6309
7241 6310
7243 6311
7245 6312
7246 6313
7250 6314
7251 6315
7252 6316
7253 6317
7254 6318
7255 6319
7257 6320
7260 6321
7262 6322
7265 6323
7266 6324
7267 6325
7268 6326
7269 6327
7270 6328
7271 6329
7273 6330
7276 6331
7277 6332
7278 6333
7279 6334
7280 6335
7281 6336
7282 6337
7283 6338
7284 6339
7285 6340
7286 6341
7287 6342
7289 6343
7290 6344
7291 6345
7292 6346
7293 6347
7294 6348
7295 6349
7296 6350
7297 6351
7298 6352
7299 6353
7300 6354
7301 6355
7302 6356
7304 6357
7305 6358
7306 6359
7309 6360
7310 6361
7315 6362
7316 6363
7317 6364
7318 6365
7319 6366
7320 6367
7321 6368
7323 6369
7326 6370
7327 6371
7329 6372
7330 6373
7332 6374
7333 6375
7335 6376
7336 6377
7337 6378
7341 6379
7342 6380
7343 6381
7344 6382
7345 6383
7347 6384
7348 6385
7349 6386
7350 6387
7351 6388
7352 6389
7353 6390
7354 6391
7355 6392
7357 6393
7359 6394
7360 6395
7362 6396
7363 6397
7365 6398
7371 6399
7372 6400
7373 6401
7374 6402
7376 6403
7377 6404
7378 6405
7379 6406
7380 6407
7381 6408
7382 6409
7383 6410
7386 6411
7387 6412
7389 6413
7390 6414
7391 6415
7392 6416
7393 6417
7394 6418
7397 6419
7400 6420
7401 6421
7402 6422
7403 6423
7404 6424
7405 6425
7407 6426
7409 6427
7413 6428
7414 6429
7415 6430
7416 6431
7417 6432
7418 6433
7419 6434
7420 6435
7421 6436
7422 6437
7423 6438
7424 6439
7425 6440
7426 6441
7427 6442
7428 6443
7429 6444
7430 6445
7431 6446
7434 6447
7436 6448
7439 6449
7440 6450
7441 6451
7442 6452
7443 6453
7444 6454
7445 6455
7446 6456
7447 6457
7448 6458
7449 6459
7450 6460
7451 6461
7452 6462
7453 6463
7454 6464
7455 6465
7456 6466
7457 6467
7458 6468
7459 6469
7461 6470
7462 6471
7465 6472
7466 6473
7467 6474
7468 6475
7469 6476
7470 6477
7471 6478
7472 6479
7473 6480
7474 6481
7476 6482
7477 6483
7478 6484
7480 6485
7481 6486
7482 6487
7483 6488
7484 6489
7485 6490
7486 6491
7487 6492
7490 6493
7491 6494
7492 6495
7493 6496
7494 6497
7495 6498
7497 6499
7498 6500
7501 6501
7502 6502
7503 6503
7505 6504
7506 6505
7508 6506
7509 6507
7510 6508
7511 6509
7512 6510
7513 6511
7514 6512
7515 6513
7517 6514
7518 6515
7520 6516
7522 6517
7523 6518
7524 6519
7525 6520
7527 6521
7528 6522
7529 6523
7531 6524
7533 6525
7534 6526
7535 6527
7536 6528
7537 6529
7538 6530
7540 6531
7544 6532
7545 6533
7546 6534
7549 6535
7550 6536
7553 6537
7554 6538
7557 6539
7561 6540
7563 6541
7564 6542
7565 6543
7567 6544
7569 6545
7570 6546
7571 6547
7572 6548
7574 6549
7576 6550
7577 6551
7578 6552
7579 6553
7580 6554
7581 6555
7583 6556
7585 6557
7586 6558
7587 6559
7588 6560
7590 6561
7593 6562
7594 6563
7595 6564
7597 6565
7598 6566
7599 6567
7600 6568
7601 6569
7602 6570
7604 6571
7605 6572
7608 6573
7609 6574
7610 6575
7611 6576
7613 6577
7614 6578
7615 6579
7616 6580
7617 6581
7618 6582
7619 6583
7620 6584
7623 6585
7624 6586
7625 6587
7626 6588
7629 6589
7630 6590
7632 6591
7634 6592
7636 6593
7637 6594
7638 6595
7639 6596
7642 6597
7644 6598
7645 6599
7646 6600
7647 6601
7648 6602
7649 6603
7650 6604
7651 6605
7652 6606
7653 6607
7658 6608
7659 6609
7660 6610
7661 6611
7662 6612
7663 6613
7664 6614
7665 6615
7666 6616
7668 6617
7669 6618
7670 6619
7672 6620
7673 6621
7675 6622
7676 6623
7677 6624
7678 6625
7679 6626
7682 6627
7683 6628
7684 6629
7685 6630
7686 6631
7687 6632
7688 6633
7690 6634
7691 6635
7694 6636
7695 6637
7696 6638
7697 6639
7698 6640
7699 6641
7701 6642
7703 6643
7704 6644
7705 6645
7706 6646
7707 6647
7708 6648
7715 6649
7716 6650
7717 6651
7719 6652
7720 6653
7721 6654
7724 6655
7726 6656
7727 6657
7728 6658
7729 6659
7730 6660
7732 6661
7733 6662
7734 6663
7735 6664
7736 6665
7737 6666
7738 6667
7740 6668
7741 6669
7742 6670
7743 6671
7744 6672
7745 6673
7747 6674
7750 6675
7751 6676
7752 6677
7753 6678
7754 6679
7755 6680
7756 6681
7757 6682
7758 6683
7759 6684
7760 6685
7761 6686
7762 6687
7763 6688
7765 6689
7766 6690
7767 6691
7768 6692
7769 6693
7770 6694
7771 6695
7772 6696
7773 6697
7774 6698
7775 6699
7777 6700
7778 6701
7779 6702
7780 6703
7781 6704
7782 6705
7783 6706
7788 6707
7789 6708
7790 6709
7791 6710
7792 6711
7795 6712
7796 6713
7797 6714
7799 6715
7800 6716
7801 6717
7802 6718
7803 6719
7804 6720
7805 6721
7806 6722
7808 6723
7809 6724
7810 6725
7812 6726
7813 6727
7814 6728
7815 6729
7818 6730
7819 6731
7821 6732
7822 6733
7826 6734
7827 6735
7828 6736
7829 6737
7830 6738
7831 6739
7832 6740
7833 6741
7834 6742
7835 6743
7836 6744
7837 6745
7839 6746
7840 6747
7841 6748
7842 6749
7843 6750
7844 6751
7845 6752
7848 6753
7849 6754
7850 6755
7851 6756
7852 6757
7853 6758
7854 6759
7855 6760
7856 6761
7857 6762
7860 6763
7861 6764
7862 6765
7863 6766
7864 6767
7865 6768
7866 6769
7867 6770
7868 6771
7869 6772
7870 6773
7871 6774
7873 6775
7874 6776
7875 6777
7877 6778
7878 6779
7879 6780
7881 6781
7882 6782
7883 6783
7884 6784
7885 6785
7886 6786
7887 6787
7888 6788
7889 6789
7890 6790
7891 6791
7892 6792
7893 6793
7894 6794
7899 6795
7900 6796
7901 6797
7902 6798
7903 6799
7904 6800
7905 6801
7906 6802
7907 6803
7908 6804
7909 6805
7910 6806
7911 6807
7912 6808
7913 6809
7914 6810
7915 6811
7916 6812
7919 6813
7920 6814
7921 6815
7922 6816
7923 6817
7924 6818
7925 6819
7927 6820
7928 6821
7929 6822
7930 6823
7931 6824
7932 6825
7933 6826
7934 6827
7935 6828
7937 6829
7938 6830
7939 6831
7940 6832
7941 6833
7942 6834
7944 6835
7945 6836
7946 6837
7948 6838
7949 6839
7950 6840
7952 6841
7953 6842
7954 6843
7955 6844
7956 6845
7957 6846
7959 6847
7960 6848
7961 6849
7964 6850
7965 6851
7966 6852
7967 6853
7968 6854
7969 6855
7970 6856
7972 6857
7973 6858
7974 6859
7975 6860
7976 6861
7978 6862
7979 6863
7980 6864
7981 6865
7982 6866
7985 6867
7986 6868
7991 6869
7992 6870
7993 6871
7994 6872
7995 6873
7996 6874
7998 6875
7999 6876
8000 6877
8001 6878
8002 6879
8005 6880
8006 6881
8007 6882
8009 6883
8010 6884
8011 6885
8012 6886
8013 6887
8014 6888
8015 6889
8019 6890
8020 6891
8021 6892
8023 6893
8024 6894
8025 6895
8027 6896
8028 6897
8033 6898
8035 6899
8036 6900
8037 6901
8038 6902
8040 6903
8041 6904
8042 6905
8043 6906
8044 6907
8045 6908
8046 6909
8047 6910
8048 6911
8049 6912
8050 6913
8051 6914
8052 6915
8053 6916
8054 6917
8055 6918
8056 6919
8057 6920
8058 6921
8060 6922
8061 6923
8062 6924
8063 6925
8064 6926
8065 6927
8066 6928
8068 6929
8069 6930
8070 6931
8071 6932
8072 6933
8073 6934
8074 6935
8075 6936
8076 6937
8077 6938
8079 6939
8080 6940
8081 6941
8083 6942
8084 6943
8085 6944
8086 6945
8087 6946
8088 6947
8089 6948
8090 6949
8091 6950
8092 6951
8093 6952
8094 6953
8095 6954
8096 6955
8097 6956
8098 6957
8099 6958
8100 6959
8101 6960
8102 6961
8103 6962
8104 6963
8105 6964
8106 6965
8107 6966
8108 6967
8109 6968
8110 6969
8111 6970
8112 6971
8114 6972
8115 6973
8118 6974
8119 6975
8120 6976
8121 6977
8122 6978
8124 6979
8126 6980
8128 6981
8130 6982
8131 6983
8132 6984
8133 6985
8134 6986
8135 6987
8136 6988
8137 6989
8138 6990
8139 6991
8140 6992
8141 6993
8142 6994
8144 6995
8145 6996
8146 6997
8147 6998
8148 6999
8149 7000
8150 7001
8152 7002
8153 7003
8155 7004
8156 7005
8157 7006
8158 7007
8159 7008
8161 7009
8162 7010
8163 7011
8165 7012
8166 7013
8167 7014
8168 7015
8169 7016
8170 7017
8171 7018
8172 7019
8173 7020
8174 7021
8175 7022
8177 7023
8178 7024
8179 7025
8180 7026
8181 7027
8182 7028
8183 7029
8184 7030
8186 7031
8187 7032
8189 7033
8190 7034
8192 7035
8193 7036
8194 7037
8195 7038
8196 7039
8197 7040
8198 7041
8199 7042
8202 7043
8203 7044
8204 7045
8205 7046
8206 7047
8209 7048
8211 7049
8212 7050
8213 7051
8214 7052
8215 7053
8216 7054
8219 7055
8221 7056
8222 7057
8224 7058
8225 7059
8226 7060
8227 7061
8229 7062
8231 7063
8232 7064
8233 7065
8235 7066
8236 7067
8237 7068
8238 7069
8241 7070
8242 7071
8243 7072
8244 7073
8245 7074
8246 7075
8248 7076
8249 7077
8251 7078
8252 7079
8253 7080
8254 7081
8255 7082
8256 7083
8260 7084
8261 7085
8262 7086
8263 7087
8264 7088
8265 7089
8266 7090
8270 7091
8271 7092
8272 7093
8273 7094
8274 7095
8275 7096
8276 7097
8277 7098
8282 7099
8283 7100
8284 7101
8285 7102
8286 7103
8287 7104
8288 7105
8289 7106
8290 7107
8291 7108
8292 7109
8293 7110
8294 7111
8295 7112
8296 7113
8297 7114
